[0.43446046 0.6105251 ]
[0.16861416 0.33184493]
[0.5719731 0.2877259]
[0.799964   0.04249959]
[0.3405998  0.67247385]
[0.2018969  0.82313067]
[0.6116161  0.36821094]
[0.50926125 0.10598981]
[0.34773496 0.55526686]
[0.16543797 0.19411923]
[0.7137479  0.36404076]
[0.3124392 0.958434 ]
[0.4183677  0.85138595]
[0.6838895  0.31349513]
[0.6507938 0.2416101]
[0.56858075 0.71666646]
[0.17482871 0.5476529 ]
[0.37647822 0.7435181 ]
[0.7388869  0.49521774]
[0.453599  0.4000236]
[0.7513087 0.7771396]
[0.17113674 0.95199233]
[0.6403044 0.4428592]
[0.38383493 0.80947655]
[0.8225672 0.8125967]
[0.7277911 0.8034184]
[0.68653876 0.1984608 ]
[0.7686089 0.8366567]
[0.42603445 0.3669912 ]
[0.8145037  0.20684645]
[0.8634455 0.2234152]
[0.0622326  0.96766126]
[0.425864  0.6705819]
[0.12380005 0.3262307 ]
[0.2240009 0.6193991]
