0,1800,17,-1,-1,-1,-1,1,473.827637,633.274719,-1
0,1800,16,-1,-1,-1,-1,1,393.156372,817.283813,-1
0,1800,15,-1,-1,-1,-1,1,281.75531,1209.421753,-1
0,1800,14,-1,-1,-1,-1,1,289.731354,1109.800171,-1
0,1800,13,-1,-1,-1,-1,1,261.110931,501.513092,-1
0,1800,12,-1,-1,-1,-1,1,437.789642,605.525024,-1
0,1800,11,-1,-1,-1,-1,1,285.748993,529.925964,-1
0,1800,10,-1,-1,-1,-1,1,438.446381,825.215027,-1
0,1800,9,-1,-1,-1,-1,1,368.704163,765.527588,-1
0,1800,8,-1,-1,-1,-1,1,277.219116,666.144653,-1
0,1800,7,-1,-1,-1,-1,1,301.422913,569.087708,-1
0,1800,6,-1,-1,-1,-1,1,217.951752,629.146484,-1
0,1800,5,-1,-1,-1,-1,1,264.969421,568.391296,-1
0,1800,4,-1,-1,-1,-1,1,309.66626,665.054932,-1
0,1800,3,-1,-1,-1,-1,1,317.858673,812.881958,-1
0,1800,2,-1,-1,-1,-1,1,238.588181,533.485718,-1
0,1800,1,-1,-1,-1,-1,1,77.28936,489.188263,-1
0,1805,17,-1,-1,-1,-1,1,464.923004,629.22345,-1
0,1805,16,-1,-1,-1,-1,1,374.371063,825.090515,-1
0,1805,15,-1,-1,-1,-1,1,269.516571,1141.000732,-1
0,1805,13,-1,-1,-1,-1,1,260.951416,501.442627,-1
0,1805,12,-1,-1,-1,-1,1,429.952179,613.156616,-1
0,1805,11,-1,-1,-1,-1,1,281.757904,533.225952,-1
0,1805,10,-1,-1,-1,-1,1,430.017181,829.800537,-1
0,1805,9,-1,-1,-1,-1,1,366.059937,744.674438,-1
0,1805,8,-1,-1,-1,-1,1,278.135193,665.770996,-1
0,1805,7,-1,-1,-1,-1,1,301.21286,569.278381,-1
0,1805,6,-1,-1,-1,-1,1,218.043121,628.970093,-1
0,1805,5,-1,-1,-1,-1,1,262.34671,568.957275,-1
0,1805,4,-1,-1,-1,-1,1,309.643341,669.175293,-1
0,1805,3,-1,-1,-1,-1,1,305.516418,825.75061,-1
0,1805,2,-1,-1,-1,-1,1,238.618301,533.473999,-1
0,1805,1,-1,-1,-1,-1,1,77.838486,461.785675,-1
0,1810,17,-1,-1,-1,-1,1,462.013245,625.137817,-1
0,1810,16,-1,-1,-1,-1,1,365.237549,829.680054,-1
0,1810,14,-1,-1,-1,-1,1,253.42131,1172.914551,-1
0,1810,13,-1,-1,-1,-1,1,258.484924,501.708344,-1
0,1810,12,-1,-1,-1,-1,1,422.584137,617.232483,-1
0,1810,11,-1,-1,-1,-1,1,282.209869,533.434021,-1
0,1810,10,-1,-1,-1,-1,1,424.585938,833.841736,-1
0,1810,9,-1,-1,-1,-1,1,361.589325,721.222107,-1
0,1810,8,-1,-1,-1,-1,1,278.527161,665.463196,-1
0,1810,7,-1,-1,-1,-1,1,301.364258,569.240479,-1
0,1810,6,-1,-1,-1,-1,1,217.87233,628.99585,-1
0,1810,5,-1,-1,-1,-1,1,264.676453,568.553772,-1
0,1810,4,-1,-1,-1,-1,1,308.953644,668.685059,-1
0,1810,3,-1,-1,-1,-1,1,294.22879,837.708862,-1
0,1810,2,-1,-1,-1,-1,1,238.45755,533.465576,-1
0,1810,1,-1,-1,-1,-1,1,78.050713,437.193604,-1
0,1815,20,-1,-1,-1,-1,1,444.906952,409.34024,-1
0,1815,19,-1,-1,-1,-1,1,386.004852,845.584412,-1
0,1815,17,-1,-1,-1,-1,1,461.299652,625.373169,-1
0,1815,16,-1,-1,-1,-1,1,360.710114,833.40741,-1
0,1815,14,-1,-1,-1,-1,1,237.893921,1201.116577,-1
0,1815,13,-1,-1,-1,-1,1,258.327576,501.529449,-1
0,1815,12,-1,-1,-1,-1,1,418.314392,628.753479,-1
0,1815,11,-1,-1,-1,-1,1,284.736603,532.683167,-1
0,1815,10,-1,-1,-1,-1,1,422.097687,837.705261,-1
0,1815,9,-1,-1,-1,-1,1,357.44165,697.314636,-1
0,1815,8,-1,-1,-1,-1,1,278.803741,665.809143,-1
0,1815,7,-1,-1,-1,-1,1,301.2164,569.45929,-1
0,1815,6,-1,-1,-1,-1,1,217.883942,628.997803,-1
0,1815,5,-1,-1,-1,-1,1,262.46701,568.708374,-1
0,1815,4,-1,-1,-1,-1,1,305.816467,666.181091,-1
0,1815,3,-1,-1,-1,-1,1,285.00177,848.881653,-1
0,1815,2,-1,-1,-1,-1,1,238.111771,533.576843,-1
0,1815,1,-1,-1,-1,-1,1,85.501984,422.38559,-1
0,1820,21,-1,-1,-1,-1,1,425.798737,509.754913,-1
0,1820,20,-1,-1,-1,-1,1,425.119171,385.833618,-1
0,1820,19,-1,-1,-1,-1,1,382.512054,845.572021,-1
0,1820,17,-1,-1,-1,-1,1,453.380371,629.378479,-1
0,1820,16,-1,-1,-1,-1,1,358.008514,837.714355,-1
0,1820,14,-1,-1,-1,-1,1,222.338181,1233.264771,-1
0,1820,13,-1,-1,-1,-1,1,258.581085,501.641479,-1
0,1820,12,-1,-1,-1,-1,1,413.969025,633.351318,-1
0,1820,11,-1,-1,-1,-1,1,285.997925,530.28656,-1
0,1820,10,-1,-1,-1,-1,1,421.858612,837.042969,-1
0,1820,9,-1,-1,-1,-1,1,353.042999,677.721558,-1
0,1820,8,-1,-1,-1,-1,1,278.812134,665.509216,-1
0,1820,7,-1,-1,-1,-1,1,301.4534,569.377441,-1
0,1820,6,-1,-1,-1,-1,1,217.766052,629.049805,-1
0,1820,5,-1,-1,-1,-1,1,261.975739,568.816589,-1
0,1820,4,-1,-1,-1,-1,1,305.465698,665.925903,-1
0,1820,3,-1,-1,-1,-1,1,277.603058,853.171204,-1
0,1820,2,-1,-1,-1,-1,1,238.475784,533.537048,-1
0,1820,1,-1,-1,-1,-1,1,88.829704,421.886566,-1
0,1825,21,-1,-1,-1,-1,1,402.324829,512.950134,-1
0,1825,20,-1,-1,-1,-1,1,409.044037,361.593506,-1
0,1825,19,-1,-1,-1,-1,1,382.569794,849.790405,-1
0,1825,17,-1,-1,-1,-1,1,445.183563,633.683777,-1
0,1825,16,-1,-1,-1,-1,1,357.29837,841.625854,-1
0,1825,14,-1,-1,-1,-1,1,206.097153,1269.268555,-1
0,1825,13,-1,-1,-1,-1,1,260.936951,501.322784,-1
0,1825,12,-1,-1,-1,-1,1,408.886169,645.297424,-1
0,1825,11,-1,-1,-1,-1,1,285.848053,530.091431,-1
0,1825,10,-1,-1,-1,-1,1,418.17572,833.741882,-1
0,1825,9,-1,-1,-1,-1,1,352.917542,661.531067,-1
0,1825,8,-1,-1,-1,-1,1,278.493164,665.396545,-1
0,1825,7,-1,-1,-1,-1,1,300.936035,569.572205,-1
0,1825,6,-1,-1,-1,-1,1,217.701935,629.213989,-1
0,1825,5,-1,-1,-1,-1,1,261.822845,568.855042,-1
0,1825,4,-1,-1,-1,-1,1,306.599457,665.744446,-1
0,1825,3,-1,-1,-1,-1,1,282.016693,857.304932,-1
0,1825,2,-1,-1,-1,-1,1,238.549164,533.485718,-1
0,1825,1,-1,-1,-1,-1,1,93.1959,424.924835,-1
0,1830,21,-1,-1,-1,-1,1,389.307983,509.439758,-1
0,1830,20,-1,-1,-1,-1,1,392.687836,337.66507,-1
0,1830,19,-1,-1,-1,-1,1,382.516693,853.174988,-1
0,1830,17,-1,-1,-1,-1,1,436.92865,637.483032,-1
0,1830,16,-1,-1,-1,-1,1,353.879974,838.145691,-1
0,1830,13,-1,-1,-1,-1,1,258.54953,501.510284,-1
0,1830,12,-1,-1,-1,-1,1,405.056396,649.155151,-1
0,1830,11,-1,-1,-1,-1,1,285.230652,529.369141,-1
0,1830,10,-1,-1,-1,-1,1,416.898773,833.560791,-1
0,1830,9,-1,-1,-1,-1,1,353.251373,644.938171,-1
0,1830,8,-1,-1,-1,-1,1,278.733612,665.383179,-1
0,1830,7,-1,-1,-1,-1,1,300.88269,569.440369,-1
0,1830,6,-1,-1,-1,-1,1,217.957428,629.244385,-1
0,1830,5,-1,-1,-1,-1,1,262.412231,568.892944,-1
0,1830,4,-1,-1,-1,-1,1,309.429901,665.387512,-1
0,1830,3,-1,-1,-1,-1,1,290.385498,865.326538,-1
0,1830,2,-1,-1,-1,-1,1,238.762207,533.343384,-1
0,1830,1,-1,-1,-1,-1,1,93.180504,433.099609,-1
0,1835,21,-1,-1,-1,-1,1,374.744843,501.54483,-1
0,1835,20,-1,-1,-1,-1,1,381.309631,313.792053,-1
0,1835,19,-1,-1,-1,-1,1,381.778931,853.152039,-1
0,1835,17,-1,-1,-1,-1,1,430.053741,637.50116,-1
0,1835,16,-1,-1,-1,-1,1,353.690613,833.285828,-1
0,1835,13,-1,-1,-1,-1,1,258.559937,501.348511,-1
0,1835,12,-1,-1,-1,-1,1,400.717346,653.785767,-1
0,1835,11,-1,-1,-1,-1,1,285.142334,529.062683,-1
0,1835,10,-1,-1,-1,-1,1,413.338501,833.06543,-1
0,1835,9,-1,-1,-1,-1,1,358.058807,629.0755,-1
0,1835,8,-1,-1,-1,-1,1,278.74704,665.300171,-1
0,1835,7,-1,-1,-1,-1,1,300.830597,569.230225,-1
0,1835,6,-1,-1,-1,-1,1,217.456665,629.267151,-1
0,1835,5,-1,-1,-1,-1,1,262.350769,568.691711,-1
0,1835,4,-1,-1,-1,-1,1,310.021454,665.767517,-1
0,1835,3,-1,-1,-1,-1,1,302.458069,872.790161,-1
0,1835,2,-1,-1,-1,-1,1,240.852646,533.445251,-1
0,1835,1,-1,-1,-1,-1,1,86.167526,445.972809,-1
0,1840,21,-1,-1,-1,-1,1,365.304779,497.397858,-1
0,1840,20,-1,-1,-1,-1,1,366.319397,289.050507,-1
0,1840,19,-1,-1,-1,-1,1,381.837189,853.718811,-1
0,1840,17,-1,-1,-1,-1,1,425.188171,649.519836,-1
0,1840,16,-1,-1,-1,-1,1,357.017578,829.506287,-1
0,1840,13,-1,-1,-1,-1,1,258.579132,501.364929,-1
0,1840,12,-1,-1,-1,-1,1,397.004211,657.671692,-1
0,1840,11,-1,-1,-1,-1,1,286.001007,528.667358,-1
0,1840,10,-1,-1,-1,-1,1,406.384888,829.707703,-1
0,1840,9,-1,-1,-1,-1,1,361.388367,613.542725,-1
0,1840,8,-1,-1,-1,-1,1,278.484802,665.788147,-1
0,1840,7,-1,-1,-1,-1,1,301.539856,568.879395,-1
0,1840,6,-1,-1,-1,-1,1,217.561859,629.216675,-1
0,1840,5,-1,-1,-1,-1,1,262.365021,568.703491,-1
0,1840,4,-1,-1,-1,-1,1,309.219177,665.502258,-1
0,1840,3,-1,-1,-1,-1,1,318.155212,865.964783,-1
0,1840,2,-1,-1,-1,-1,1,240.853455,533.559875,-1
0,1840,1,-1,-1,-1,-1,1,77.884262,457.949493,-1
0,1845,21,-1,-1,-1,-1,1,354.465088,497.038055,-1
0,1845,20,-1,-1,-1,-1,1,353.990173,261.77121,-1
0,1845,19,-1,-1,-1,-1,1,385.351807,857.529419,-1
0,1845,17,-1,-1,-1,-1,1,417.104126,657.377014,-1
0,1845,16,-1,-1,-1,-1,1,356.966217,829.415527,-1
0,1845,13,-1,-1,-1,-1,1,261.038879,501.374695,-1
0,1845,12,-1,-1,-1,-1,1,389.58963,661.061462,-1
0,1845,11,-1,-1,-1,-1,1,286.256897,529.074036,-1
0,1845,10,-1,-1,-1,-1,1,405.658691,825.197876,-1
0,1845,9,-1,-1,-1,-1,1,362.397552,601.021545,-1
0,1845,8,-1,-1,-1,-1,1,277.822235,665.910095,-1
0,1845,7,-1,-1,-1,-1,1,301.633392,569.011658,-1
0,1845,6,-1,-1,-1,-1,1,217.519577,629.168579,-1
0,1845,5,-1,-1,-1,-1,1,262.150696,568.556885,-1
0,1845,4,-1,-1,-1,-1,1,306.234467,665.564331,-1
0,1845,3,-1,-1,-1,-1,1,330.455078,864.899231,-1
0,1845,2,-1,-1,-1,-1,1,238.66394,533.686707,-1
0,1845,1,-1,-1,-1,-1,1,77.656746,461.406647,-1
0,1850,22,-1,-1,-1,-1,1,29.468775,901.590332,-1
0,1850,21,-1,-1,-1,-1,1,345.97113,493.38028,-1
0,1850,20,-1,-1,-1,-1,1,338.014435,237.219055,-1
0,1850,19,-1,-1,-1,-1,1,388.790863,861.13208,-1
0,1850,17,-1,-1,-1,-1,1,409.540497,665.460632,-1
0,1850,16,-1,-1,-1,-1,1,354.378479,825.506287,-1
0,1850,13,-1,-1,-1,-1,1,258.389618,501.64444,-1
0,1850,12,-1,-1,-1,-1,1,384.430603,665.699097,-1
0,1850,11,-1,-1,-1,-1,1,286.306183,528.980652,-1
0,1850,10,-1,-1,-1,-1,1,405.148834,825.002197,-1
0,1850,9,-1,-1,-1,-1,1,366.437134,585.016296,-1
0,1850,8,-1,-1,-1,-1,1,278.197113,666.019348,-1
0,1850,7,-1,-1,-1,-1,1,301.490662,568.990234,-1
0,1850,6,-1,-1,-1,-1,1,217.533493,629.083618,-1
0,1850,5,-1,-1,-1,-1,1,262.069305,568.583801,-1
0,1850,4,-1,-1,-1,-1,1,306.203613,665.479187,-1
0,1850,3,-1,-1,-1,-1,1,338.119476,857.138794,-1
0,1850,2,-1,-1,-1,-1,1,239.007507,533.741211,-1
0,1850,1,-1,-1,-1,-1,1,77.791283,461.392029,-1
0,1855,22,-1,-1,-1,-1,1,29.454844,901.518555,-1
0,1855,21,-1,-1,-1,-1,1,342.139313,493.43396,-1
0,1855,20,-1,-1,-1,-1,1,328.438568,209.326355,-1
0,1855,19,-1,-1,-1,-1,1,388.857635,861.224121,-1
0,1855,17,-1,-1,-1,-1,1,397.677307,681.37323,-1
0,1855,16,-1,-1,-1,-1,1,357.118958,825.952026,-1
0,1855,13,-1,-1,-1,-1,1,257.569305,501.783081,-1
0,1855,12,-1,-1,-1,-1,1,374.539734,677.662903,-1
0,1855,11,-1,-1,-1,-1,1,286.485718,529.153564,-1
0,1855,10,-1,-1,-1,-1,1,405.446594,824.795532,-1
0,1855,9,-1,-1,-1,-1,1,369.721802,573.564697,-1
0,1855,8,-1,-1,-1,-1,1,278.397278,665.57605,-1
0,1855,7,-1,-1,-1,-1,1,301.712799,569.02655,-1
0,1855,6,-1,-1,-1,-1,1,217.406662,629.136963,-1
0,1855,5,-1,-1,-1,-1,1,262.530731,568.883789,-1
0,1855,4,-1,-1,-1,-1,1,306.191833,665.712524,-1
0,1855,3,-1,-1,-1,-1,1,345.162567,853.359863,-1
0,1855,2,-1,-1,-1,-1,1,240.700287,533.9104,-1
0,1855,1,-1,-1,-1,-1,1,77.714943,461.309235,-1
0,1860,22,-1,-1,-1,-1,1,29.413153,901.514404,-1
0,1860,21,-1,-1,-1,-1,1,341.929932,501.007904,-1
0,1860,20,-1,-1,-1,-1,1,316.632141,181.815125,-1
0,1860,19,-1,-1,-1,-1,1,388.816437,861.195923,-1
0,1860,17,-1,-1,-1,-1,1,389.027252,697.312317,-1
0,1860,16,-1,-1,-1,-1,1,354.225647,826.003296,-1
0,1860,13,-1,-1,-1,-1,1,257.985046,501.339722,-1
0,1860,12,-1,-1,-1,-1,1,361.408356,693.14447,-1
0,1860,11,-1,-1,-1,-1,1,286.357208,529.404114,-1
0,1860,10,-1,-1,-1,-1,1,405.261871,824.859375,-1
0,1860,9,-1,-1,-1,-1,1,373.95105,560.323242,-1
0,1860,8,-1,-1,-1,-1,1,278.281982,665.560669,-1
0,1860,7,-1,-1,-1,-1,1,301.552063,569.040344,-1
0,1860,6,-1,-1,-1,-1,1,217.476334,629.206238,-1
0,1860,5,-1,-1,-1,-1,1,264.617645,568.867859,-1
0,1860,4,-1,-1,-1,-1,1,306.1828,665.836731,-1
0,1860,3,-1,-1,-1,-1,1,345.076385,850.49054,-1
0,1860,2,-1,-1,-1,-1,1,238.71991,533.562195,-1
0,1860,1,-1,-1,-1,-1,1,77.332169,461.850647,-1
0,1865,22,-1,-1,-1,-1,1,29.313387,897.547729,-1
0,1865,21,-1,-1,-1,-1,1,344.999146,505.707123,-1
0,1865,20,-1,-1,-1,-1,1,309.282349,149.852448,-1
0,1865,19,-1,-1,-1,-1,1,388.716431,861.139832,-1
0,1865,17,-1,-1,-1,-1,1,381.74115,712.462341,-1
0,1865,16,-1,-1,-1,-1,1,357.14566,826.047424,-1
0,1865,13,-1,-1,-1,-1,1,261.583679,501.492706,-1
0,1865,12,-1,-1,-1,-1,1,349.549255,704.751953,-1
0,1865,11,-1,-1,-1,-1,1,286.253021,529.260559,-1
0,1865,10,-1,-1,-1,-1,1,405.536499,824.827759,-1
0,1865,9,-1,-1,-1,-1,1,377.106445,548.678101,-1
0,1865,8,-1,-1,-1,-1,1,278.166443,665.753906,-1
0,1865,7,-1,-1,-1,-1,1,301.507263,569.066223,-1
0,1865,6,-1,-1,-1,-1,1,217.852097,629.180176,-1
0,1865,5,-1,-1,-1,-1,1,264.911133,569.168762,-1
0,1865,4,-1,-1,-1,-1,1,305.810669,666.081238,-1
0,1865,3,-1,-1,-1,-1,1,344.802948,850.290283,-1
0,1865,2,-1,-1,-1,-1,1,240.546738,533.859802,-1
0,1865,1,-1,-1,-1,-1,1,76.767693,469.592834,-1
0,1870,23,-1,-1,-1,-1,1,453.615479,513.280823,-1
0,1870,21,-1,-1,-1,-1,1,349.120789,509.333984,-1
0,1870,20,-1,-1,-1,-1,1,302.243622,121.194756,-1
0,1870,19,-1,-1,-1,-1,1,386.13739,858.254211,-1
0,1870,17,-1,-1,-1,-1,1,368.558105,728.979065,-1
0,1870,16,-1,-1,-1,-1,1,354.021881,825.86438,-1
0,1870,13,-1,-1,-1,-1,1,273.555847,494.161469,-1
0,1870,12,-1,-1,-1,-1,1,337.471436,717.374451,-1
0,1870,11,-1,-1,-1,-1,1,286.405548,528.862,-1
0,1870,10,-1,-1,-1,-1,1,405.546265,824.879822,-1
0,1870,9,-1,-1,-1,-1,1,378.046906,529.575623,-1
0,1870,8,-1,-1,-1,-1,1,278.187408,665.668701,-1
0,1870,7,-1,-1,-1,-1,1,301.374329,568.56842,-1
0,1870,6,-1,-1,-1,-1,1,217.5186,629.098206,-1
0,1870,5,-1,-1,-1,-1,1,262.487701,568.848083,-1
0,1870,4,-1,-1,-1,-1,1,305.605469,666.084839,-1
0,1870,3,-1,-1,-1,-1,1,345.173828,850.332092,-1
0,1870,2,-1,-1,-1,-1,1,241.196487,533.786438,-1
0,1870,1,-1,-1,-1,-1,1,73.440804,489.860535,-1
0,1875,23,-1,-1,-1,-1,1,441.832062,509.692902,-1
0,1875,22,-1,-1,-1,-1,1,41.296246,873.496582,-1
0,1875,21,-1,-1,-1,-1,1,349.674927,512.944885,-1
0,1875,19,-1,-1,-1,-1,1,386.144318,858.206055,-1
0,1875,17,-1,-1,-1,-1,1,352.884552,745.422729,-1
0,1875,16,-1,-1,-1,-1,1,353.558807,825.756714,-1
0,1875,13,-1,-1,-1,-1,1,274.305634,493.990234,-1
0,1875,12,-1,-1,-1,-1,1,329.500244,725.74646,-1
0,1875,11,-1,-1,-1,-1,1,286.222656,528.50238,-1
0,1875,10,-1,-1,-1,-1,1,405.525055,821.70105,-1
0,1875,9,-1,-1,-1,-1,1,378.283447,521.298279,-1
0,1875,8,-1,-1,-1,-1,1,278.058472,665.730896,-1
0,1875,7,-1,-1,-1,-1,1,301.381104,569.000061,-1
0,1875,6,-1,-1,-1,-1,1,217.883591,629.138733,-1
0,1875,5,-1,-1,-1,-1,1,264.664093,568.892578,-1
0,1875,4,-1,-1,-1,-1,1,305.720001,666.064148,-1
0,1875,3,-1,-1,-1,-1,1,349.165649,853.22876,-1
0,1875,2,-1,-1,-1,-1,1,241.381958,533.658875,-1
0,1875,1,-1,-1,-1,-1,1,69.050224,510.247986,-1
0,1880,23,-1,-1,-1,-1,1,433.178375,501.927551,-1
0,1880,22,-1,-1,-1,-1,1,48.996845,857.304749,-1
0,1880,21,-1,-1,-1,-1,1,346.286743,513.653625,-1
0,1880,19,-1,-1,-1,-1,1,386.276886,858.387939,-1
0,1880,17,-1,-1,-1,-1,1,334.064789,752.877197,-1
0,1880,16,-1,-1,-1,-1,1,353.350647,825.668274,-1
0,1880,13,-1,-1,-1,-1,1,269.599823,493.202332,-1
0,1880,12,-1,-1,-1,-1,1,309.443451,736.731812,-1
0,1880,11,-1,-1,-1,-1,1,286.406036,528.889404,-1
0,1880,10,-1,-1,-1,-1,1,405.505463,821.605652,-1
0,1880,9,-1,-1,-1,-1,1,378.220978,509.511963,-1
0,1880,8,-1,-1,-1,-1,1,278.102722,665.760681,-1
0,1880,7,-1,-1,-1,-1,1,301.630066,568.974548,-1
0,1880,6,-1,-1,-1,-1,1,217.716171,629.011719,-1
0,1880,5,-1,-1,-1,-1,1,264.93927,569.219727,-1
0,1880,4,-1,-1,-1,-1,1,305.530609,665.997742,-1
0,1880,3,-1,-1,-1,-1,1,353.090759,853.275818,-1
0,1880,2,-1,-1,-1,-1,1,241.544388,533.940735,-1
0,1880,1,-1,-1,-1,-1,1,66.037186,533.293457,-1
0,1885,24,-1,-1,-1,-1,1,461.176819,421.430634,-1
0,1885,23,-1,-1,-1,-1,1,421.113464,497.659149,-1
0,1885,21,-1,-1,-1,-1,1,345.043488,514.133606,-1
0,1885,19,-1,-1,-1,-1,1,388.695343,861.275452,-1
0,1885,17,-1,-1,-1,-1,1,310.191376,761.907227,-1
0,1885,16,-1,-1,-1,-1,1,354.611969,825.967041,-1
0,1885,13,-1,-1,-1,-1,1,261.792053,493.608856,-1
0,1885,12,-1,-1,-1,-1,1,289.307983,737.005493,-1
0,1885,11,-1,-1,-1,-1,1,286.165039,529.166931,-1
0,1885,10,-1,-1,-1,-1,1,405.476868,821.541809,-1
0,1885,9,-1,-1,-1,-1,1,374.760071,496.872375,-1
0,1885,8,-1,-1,-1,-1,1,277.851105,665.850342,-1
0,1885,7,-1,-1,-1,-1,1,301.420044,569.15387,-1
0,1885,6,-1,-1,-1,-1,1,217.888107,628.99231,-1
0,1885,5,-1,-1,-1,-1,1,264.773224,569.241455,-1
0,1885,4,-1,-1,-1,-1,1,305.976196,665.977722,-1
0,1885,3,-1,-1,-1,-1,1,353.351746,853.494507,-1
0,1885,2,-1,-1,-1,-1,1,240.709152,533.459534,-1
0,1885,1,-1,-1,-1,-1,1,69.612961,557.992676,-1
0,1890,24,-1,-1,-1,-1,1,452.895233,409.277313,-1
0,1890,23,-1,-1,-1,-1,1,408.709259,501.573395,-1
0,1890,21,-1,-1,-1,-1,1,344.956207,514.133972,-1
0,1890,19,-1,-1,-1,-1,1,388.831421,861.285706,-1
0,1890,17,-1,-1,-1,-1,1,284.611389,760.483704,-1
0,1890,16,-1,-1,-1,-1,1,354.49585,826.066833,-1
0,1890,13,-1,-1,-1,-1,1,254.738724,497.31778,-1
0,1890,12,-1,-1,-1,-1,1,269.920166,726.28241,-1
0,1890,11,-1,-1,-1,-1,1,286.109619,529.418396,-1
0,1890,10,-1,-1,-1,-1,1,405.30368,821.681091,-1
0,1890,9,-1,-1,-1,-1,1,370.176758,489.113159,-1
0,1890,8,-1,-1,-1,-1,1,277.907562,666.042725,-1
0,1890,7,-1,-1,-1,-1,1,301.54541,568.984863,-1
0,1890,6,-1,-1,-1,-1,1,217.682358,629.194031,-1
0,1890,5,-1,-1,-1,-1,1,264.628326,569.420471,-1
0,1890,4,-1,-1,-1,-1,1,305.534912,665.958618,-1
0,1890,3,-1,-1,-1,-1,1,353.216736,853.268066,-1
0,1890,2,-1,-1,-1,-1,1,238.095505,533.562683,-1
0,1890,1,-1,-1,-1,-1,1,65.577003,586.110657,-1
0,1895,25,-1,-1,-1,-1,1,449.920349,453.821014,-1
0,1895,24,-1,-1,-1,-1,1,445.643005,397.318329,-1
0,1895,23,-1,-1,-1,-1,1,394.344086,497.42926,-1
0,1895,22,-1,-1,-1,-1,1,61.567398,786.1203,-1
0,1895,21,-1,-1,-1,-1,1,344.922028,514.006958,-1
0,1895,19,-1,-1,-1,-1,1,388.878815,861.225525,-1
0,1895,18,-1,-1,-1,-1,1,474.334137,821.523438,-1
0,1895,17,-1,-1,-1,-1,1,253.808731,749.531799,-1
0,1895,16,-1,-1,-1,-1,1,357.24588,825.872314,-1
0,1895,13,-1,-1,-1,-1,1,257.033234,497.994446,-1
0,1895,12,-1,-1,-1,-1,1,257.243652,714.011597,-1
0,1895,11,-1,-1,-1,-1,1,286.072815,529.577393,-1
0,1895,10,-1,-1,-1,-1,1,405.528534,821.58606,-1
0,1895,9,-1,-1,-1,-1,1,361.555206,481.312683,-1
0,1895,8,-1,-1,-1,-1,1,278.279877,665.977478,-1
0,1895,7,-1,-1,-1,-1,1,301.202148,568.764282,-1
0,1895,6,-1,-1,-1,-1,1,218.201782,628.99292,-1
0,1895,5,-1,-1,-1,-1,1,262.608459,569.237488,-1
0,1895,4,-1,-1,-1,-1,1,306.131989,665.909607,-1
0,1895,3,-1,-1,-1,-1,1,353.59494,853.058289,-1
0,1895,2,-1,-1,-1,-1,1,240.557251,533.331177,-1
0,1895,1,-1,-1,-1,-1,1,65.76561,617.638855,-1
0,1900,26,-1,-1,-1,-1,1,92.785988,761.666138,-1
0,1900,25,-1,-1,-1,-1,1,441.074829,449.663544,-1
0,1900,24,-1,-1,-1,-1,1,437.010834,385.769287,-1
0,1900,23,-1,-1,-1,-1,1,385.137146,489.454163,-1
0,1900,22,-1,-1,-1,-1,1,61.487625,770.200928,-1
0,1900,21,-1,-1,-1,-1,1,345.163177,517.444397,-1
0,1900,19,-1,-1,-1,-1,1,388.878235,861.232605,-1
0,1900,18,-1,-1,-1,-1,1,461.979919,833.657043,-1
0,1900,17,-1,-1,-1,-1,1,229.811813,733.34668,-1
0,1900,16,-1,-1,-1,-1,1,354.351593,829.915588,-1
0,1900,13,-1,-1,-1,-1,1,261.252228,497.764038,-1
0,1900,12,-1,-1,-1,-1,1,234.167587,697.090393,-1
0,1900,11,-1,-1,-1,-1,1,286.261993,529.560425,-1
0,1900,10,-1,-1,-1,-1,1,405.093689,825.084229,-1
0,1900,9,-1,-1,-1,-1,1,350.01886,469.258911,-1
0,1900,8,-1,-1,-1,-1,1,278.317261,665.419983,-1
0,1900,7,-1,-1,-1,-1,1,300.964508,569.051147,-1
0,1900,6,-1,-1,-1,-1,1,218.50325,629.026123,-1
0,1900,5,-1,-1,-1,-1,1,264.623016,569.134888,-1
0,1900,4,-1,-1,-1,-1,1,305.983612,666.006042,-1
0,1900,2,-1,-1,-1,-1,1,241.238708,533.344482,-1
0,1900,1,-1,-1,-1,-1,1,62.434971,645.094421,-1
0,1905,26,-1,-1,-1,-1,1,97.394737,741.280334,-1
0,1905,25,-1,-1,-1,-1,1,430.181061,437.085297,-1
0,1905,24,-1,-1,-1,-1,1,428.871887,381.267914,-1
0,1905,23,-1,-1,-1,-1,1,369.551056,485.497528,-1
0,1905,22,-1,-1,-1,-1,1,65.162727,753.844482,-1
0,1905,21,-1,-1,-1,-1,1,353.976532,521.697144,-1
0,1905,19,-1,-1,-1,-1,1,385.799561,861.536072,-1
0,1905,18,-1,-1,-1,-1,1,449.043304,849.489868,-1
0,1905,17,-1,-1,-1,-1,1,209.020721,713.482117,-1
0,1905,16,-1,-1,-1,-1,1,357.388519,825.642822,-1
0,1905,13,-1,-1,-1,-1,1,265.676178,501.583405,-1
0,1905,12,-1,-1,-1,-1,1,213.500427,677.493286,-1
0,1905,11,-1,-1,-1,-1,1,285.953369,529.290161,-1
0,1905,10,-1,-1,-1,-1,1,405.227661,825.08551,-1
0,1905,9,-1,-1,-1,-1,1,340.886871,461.336731,-1
0,1905,8,-1,-1,-1,-1,1,278.156433,665.81488,-1
0,1905,7,-1,-1,-1,-1,1,298.274231,569.434692,-1
0,1905,6,-1,-1,-1,-1,1,217.801971,629.000916,-1
0,1905,5,-1,-1,-1,-1,1,265.069,568.831421,-1
0,1905,4,-1,-1,-1,-1,1,305.665833,666.033203,-1
0,1905,3,-1,-1,-1,-1,1,353.430084,849.440308,-1
0,1905,2,-1,-1,-1,-1,1,241.627258,533.722412,-1
0,1905,1,-1,-1,-1,-1,1,61.501026,673.422913,-1
0,1910,29,-1,-1,-1,-1,1,461.934845,881.218262,-1
0,1910,28,-1,-1,-1,-1,1,29.436237,245.452576,-1
0,1910,27,-1,-1,-1,-1,1,441.932709,729.604004,-1
0,1910,26,-1,-1,-1,-1,1,102.086479,721.229797,-1
0,1910,25,-1,-1,-1,-1,1,417.116547,409.412872,-1
0,1910,24,-1,-1,-1,-1,1,421.128326,369.853088,-1
0,1910,23,-1,-1,-1,-1,1,354.272919,480.954102,-1
0,1910,22,-1,-1,-1,-1,1,73.224754,733.071167,-1
0,1910,21,-1,-1,-1,-1,1,369.367676,529.687805,-1
0,1910,19,-1,-1,-1,-1,1,381.795074,864.911377,-1
0,1910,18,-1,-1,-1,-1,1,433.978851,869.337891,-1
0,1910,17,-1,-1,-1,-1,1,189.95726,686.167419,-1
0,1910,16,-1,-1,-1,-1,1,357.046753,825.624878,-1
0,1910,13,-1,-1,-1,-1,1,265.698029,501.930298,-1
0,1910,12,-1,-1,-1,-1,1,197.856049,650.738831,-1
0,1910,11,-1,-1,-1,-1,1,286.382996,528.755432,-1
0,1910,10,-1,-1,-1,-1,1,405.650085,821.636475,-1
0,1910,9,-1,-1,-1,-1,1,326.678162,449.229492,-1
0,1910,8,-1,-1,-1,-1,1,277.796478,665.319702,-1
0,1910,7,-1,-1,-1,-1,1,300.645081,568.915527,-1
0,1910,6,-1,-1,-1,-1,1,217.842438,625.549744,-1
0,1910,5,-1,-1,-1,-1,1,265.026184,568.586121,-1
0,1910,4,-1,-1,-1,-1,1,305.631836,665.560303,-1
0,1910,3,-1,-1,-1,-1,1,353.339478,850.153137,-1
0,1910,2,-1,-1,-1,-1,1,241.034637,533.563721,-1
0,1910,1,-1,-1,-1,-1,1,49.542927,697.842346,-1
0,1915,29,-1,-1,-1,-1,1,445.044403,898.050842,-1
0,1915,28,-1,-1,-1,-1,1,33.356926,249.351364,-1
0,1915,27,-1,-1,-1,-1,1,417.661316,733.900696,-1
0,1915,26,-1,-1,-1,-1,1,101.330765,693.404114,-1
0,1915,25,-1,-1,-1,-1,1,413.512604,401.244934,-1
0,1915,24,-1,-1,-1,-1,1,409.889771,361.285339,-1
0,1915,23,-1,-1,-1,-1,1,341.404083,472.692566,-1
0,1915,22,-1,-1,-1,-1,1,77.379669,709.633057,-1
0,1915,21,-1,-1,-1,-1,1,380.986725,537.080566,-1
0,1915,19,-1,-1,-1,-1,1,378.41275,865.163513,-1
0,1915,18,-1,-1,-1,-1,1,424.501648,881.735901,-1
0,1915,17,-1,-1,-1,-1,1,173.785172,665.063965,-1
0,1915,16,-1,-1,-1,-1,1,354.36676,825.705078,-1
0,1915,13,-1,-1,-1,-1,1,265.162415,501.757812,-1
0,1915,12,-1,-1,-1,-1,1,188.786774,629.846436,-1
0,1915,11,-1,-1,-1,-1,1,289.103516,525.31311,-1
0,1915,10,-1,-1,-1,-1,1,405.218628,821.570862,-1
0,1915,9,-1,-1,-1,-1,1,314.501617,442.212952,-1
0,1915,8,-1,-1,-1,-1,1,278.043793,665.266296,-1
0,1915,7,-1,-1,-1,-1,1,301.264496,568.778015,-1
0,1915,6,-1,-1,-1,-1,1,220.817352,625.281921,-1
0,1915,5,-1,-1,-1,-1,1,264.798981,568.733582,-1
0,1915,4,-1,-1,-1,-1,1,305.195892,666.099304,-1
0,1915,3,-1,-1,-1,-1,1,353.474274,850.198608,-1
0,1915,2,-1,-1,-1,-1,1,240.933258,533.590576,-1
0,1915,1,-1,-1,-1,-1,1,40.883705,721.663818,-1
0,1920,29,-1,-1,-1,-1,1,428.832306,917.458313,-1
0,1920,28,-1,-1,-1,-1,1,37.979622,254.025253,-1
0,1920,27,-1,-1,-1,-1,1,390.355347,733.681885,-1
0,1920,26,-1,-1,-1,-1,1,105.068504,673.401672,-1
0,1920,25,-1,-1,-1,-1,1,450.203033,421.840698,-1
0,1920,24,-1,-1,-1,-1,1,404.547607,345.822144,-1
0,1920,23,-1,-1,-1,-1,1,321.615204,469.652557,-1
0,1920,22,-1,-1,-1,-1,1,77.905228,681.310608,-1
0,1920,21,-1,-1,-1,-1,1,394.368134,545.098572,-1
0,1920,19,-1,-1,-1,-1,1,381.101715,865.25238,-1
0,1920,18,-1,-1,-1,-1,1,409.102264,905.096558,-1
0,1920,17,-1,-1,-1,-1,1,156.645767,637.368652,-1
0,1920,16,-1,-1,-1,-1,1,357.764832,825.816833,-1
0,1920,13,-1,-1,-1,-1,1,265.045013,501.552246,-1
0,1920,12,-1,-1,-1,-1,1,177.630875,602.370483,-1
0,1920,11,-1,-1,-1,-1,1,286.400055,525.588684,-1
0,1920,10,-1,-1,-1,-1,1,454.33136,709.8172,-1
0,1920,9,-1,-1,-1,-1,1,297.466461,437.959259,-1
0,1920,8,-1,-1,-1,-1,1,278.509338,666.009705,-1
0,1920,7,-1,-1,-1,-1,1,301.429565,569.370056,-1
0,1920,6,-1,-1,-1,-1,1,220.681671,625.635864,-1
0,1920,5,-1,-1,-1,-1,1,262.125061,568.252319,-1
0,1920,4,-1,-1,-1,-1,1,305.549561,666.078491,-1
0,1920,3,-1,-1,-1,-1,1,354.010895,849.896362,-1
0,1920,2,-1,-1,-1,-1,1,241.048904,533.680298,-1
0,1920,1,-1,-1,-1,-1,1,33.388523,741.290466,-1
0,1925,29,-1,-1,-1,-1,1,412.942017,933.623962,-1
0,1925,28,-1,-1,-1,-1,1,44.546074,257.534424,-1
0,1925,27,-1,-1,-1,-1,1,365.455261,736.875732,-1
0,1925,26,-1,-1,-1,-1,1,101.019951,649.222046,-1
0,1925,25,-1,-1,-1,-1,1,437.669525,397.220581,-1
0,1925,24,-1,-1,-1,-1,1,400.952148,333.435699,-1
0,1925,23,-1,-1,-1,-1,1,309.721832,464.355957,-1
0,1925,22,-1,-1,-1,-1,1,78.136993,664.867676,-1
0,1925,21,-1,-1,-1,-1,1,406.375092,553.767334,-1
0,1925,19,-1,-1,-1,-1,1,381.096283,861.560913,-1
0,1925,18,-1,-1,-1,-1,1,405.548645,821.535461,-1
0,1925,17,-1,-1,-1,-1,1,140.911057,601.639648,-1
0,1925,16,-1,-1,-1,-1,1,357.43692,825.360413,-1
0,1925,13,-1,-1,-1,-1,1,264.943024,501.329102,-1
0,1925,12,-1,-1,-1,-1,1,170.302383,573.966675,-1
0,1925,11,-1,-1,-1,-1,1,285.743591,528.746582,-1
0,1925,10,-1,-1,-1,-1,1,429.905884,713.860535,-1
0,1925,9,-1,-1,-1,-1,1,281.708557,437.495605,-1
0,1925,8,-1,-1,-1,-1,1,278.625793,665.947449,-1
0,1925,7,-1,-1,-1,-1,1,301.058594,569.196594,-1
0,1925,6,-1,-1,-1,-1,1,218.182251,629.095215,-1
0,1925,5,-1,-1,-1,-1,1,265.320709,565.555054,-1
0,1925,4,-1,-1,-1,-1,1,305.160126,665.76239,-1
0,1925,3,-1,-1,-1,-1,1,353.781372,853.262573,-1
0,1925,2,-1,-1,-1,-1,1,238.220306,530.036072,-1
0,1930,31,-1,-1,-1,-1,1,429.096466,365.430389,-1
0,1930,29,-1,-1,-1,-1,1,397.844635,957.561768,-1
0,1930,28,-1,-1,-1,-1,1,48.361507,261.251617,-1
0,1930,27,-1,-1,-1,-1,1,336.830139,738.121094,-1
0,1930,26,-1,-1,-1,-1,1,134.241776,577.357422,-1
0,1930,25,-1,-1,-1,-1,1,458.406647,382.207397,-1
0,1930,24,-1,-1,-1,-1,1,388.852631,337.468414,-1
0,1930,23,-1,-1,-1,-1,1,293.648956,468.625122,-1
0,1930,22,-1,-1,-1,-1,1,101.411926,629.317383,-1
0,1930,21,-1,-1,-1,-1,1,416.740753,561.722473,-1
0,1930,19,-1,-1,-1,-1,1,381.232819,864.755981,-1
0,1930,18,-1,-1,-1,-1,1,389.321564,937.787537,-1
0,1930,16,-1,-1,-1,-1,1,357.064178,825.619995,-1
0,1930,13,-1,-1,-1,-1,1,262.342224,501.452667,-1
0,1930,12,-1,-1,-1,-1,1,164.382416,545.434387,-1
0,1930,11,-1,-1,-1,-1,1,285.27063,528.759277,-1
0,1930,10,-1,-1,-1,-1,1,405.143341,821.690491,-1
0,1930,9,-1,-1,-1,-1,1,266.119568,433.83609,-1
0,1930,8,-1,-1,-1,-1,1,305.174194,669.234497,-1
0,1930,7,-1,-1,-1,-1,1,301.190033,569.174683,-1
0,1930,6,-1,-1,-1,-1,1,218.247543,628.986145,-1
0,1930,5,-1,-1,-1,-1,1,265.592834,568.638733,-1
0,1930,4,-1,-1,-1,-1,1,405.111145,721.087219,-1
0,1930,3,-1,-1,-1,-1,1,357.015381,850.211121,-1
0,1930,2,-1,-1,-1,-1,1,241.528427,533.626709,-1
0,1930,1,-1,-1,-1,-1,1,80.564468,637.862427,-1
0,1935,33,-1,-1,-1,-1,1,424.904449,341.614807,-1
0,1935,31,-1,-1,-1,-1,1,469.602203,317.707031,-1
0,1935,29,-1,-1,-1,-1,1,385.914551,977.851562,-1
0,1935,28,-1,-1,-1,-1,1,48.570324,261.497711,-1
0,1935,27,-1,-1,-1,-1,1,310.273499,741.814697,-1
0,1935,26,-1,-1,-1,-1,1,129.26506,542.178955,-1
0,1935,25,-1,-1,-1,-1,1,452.901855,357.867706,-1
0,1935,24,-1,-1,-1,-1,1,377.972717,317.6521,-1
0,1935,23,-1,-1,-1,-1,1,277.69458,468.926575,-1
0,1935,22,-1,-1,-1,-1,1,104.877785,609.017334,-1
0,1935,21,-1,-1,-1,-1,1,424.578644,569.33783,-1
0,1935,19,-1,-1,-1,-1,1,381.769745,864.725403,-1
0,1935,18,-1,-1,-1,-1,1,369.82135,961.969055,-1
0,1935,16,-1,-1,-1,-1,1,357.134399,821.743958,-1
0,1935,13,-1,-1,-1,-1,1,262.019531,501.42865,-1
0,1935,12,-1,-1,-1,-1,1,157.318619,521.331482,-1
0,1935,11,-1,-1,-1,-1,1,285.867615,528.62738,-1
0,1935,10,-1,-1,-1,-1,1,473.960876,845.117371,-1
0,1935,9,-1,-1,-1,-1,1,246.253433,433.967194,-1
0,1935,8,-1,-1,-1,-1,1,309.553467,669.753357,-1
0,1935,7,-1,-1,-1,-1,1,301.23999,569.284973,-1
0,1935,6,-1,-1,-1,-1,1,218.257828,628.870789,-1
0,1935,5,-1,-1,-1,-1,1,265.206909,568.400269,-1
0,1935,4,-1,-1,-1,-1,1,377.870392,725.642151,-1
0,1935,3,-1,-1,-1,-1,1,356.990723,850.338989,-1
0,1935,2,-1,-1,-1,-1,1,241.120712,533.225281,-1
0,1935,1,-1,-1,-1,-1,1,76.92907,621.499329,-1
0,1940,36,-1,-1,-1,-1,1,389.991791,273.070618,-1
0,1940,35,-1,-1,-1,-1,1,401.045502,825.395569,-1
0,1940,34,-1,-1,-1,-1,1,278.02594,666.049377,-1
0,1940,33,-1,-1,-1,-1,1,421.236115,317.624359,-1
0,1940,31,-1,-1,-1,-1,1,461.801575,289.851288,-1
0,1940,29,-1,-1,-1,-1,1,373.47879,997.328918,-1
0,1940,28,-1,-1,-1,-1,1,48.529472,261.516479,-1
0,1940,27,-1,-1,-1,-1,1,286.084808,741.970825,-1
0,1940,26,-1,-1,-1,-1,1,145.868057,496.922668,-1
0,1940,25,-1,-1,-1,-1,1,445.167328,329.324921,-1
0,1940,24,-1,-1,-1,-1,1,373.691223,297.408478,-1
0,1940,23,-1,-1,-1,-1,1,265.373047,465.662781,-1
0,1940,22,-1,-1,-1,-1,1,98.025314,585.243042,-1
0,1940,21,-1,-1,-1,-1,1,425.37796,573.274109,-1
0,1940,19,-1,-1,-1,-1,1,381.970978,864.881348,-1
0,1940,18,-1,-1,-1,-1,1,361.441071,977.843201,-1
0,1940,17,-1,-1,-1,-1,1,73.287949,597.582275,-1
0,1940,16,-1,-1,-1,-1,1,353.504913,825.628296,-1
0,1940,13,-1,-1,-1,-1,1,265.19986,501.131958,-1
0,1940,12,-1,-1,-1,-1,1,125.885941,521.331482,-1
0,1940,11,-1,-1,-1,-1,1,286.048462,528.695374,-1
0,1940,10,-1,-1,-1,-1,1,458.380707,865.725098,-1
0,1940,9,-1,-1,-1,-1,1,230.49939,433.172333,-1
0,1940,8,-1,-1,-1,-1,1,309.344849,672.972107,-1
0,1940,7,-1,-1,-1,-1,1,301.284149,569.464783,-1
0,1940,6,-1,-1,-1,-1,1,218.313705,629.068542,-1
0,1940,5,-1,-1,-1,-1,1,265.069977,568.737854,-1
0,1940,4,-1,-1,-1,-1,1,353.55191,729.503784,-1
0,1940,3,-1,-1,-1,-1,1,353.109436,850.155762,-1
0,1940,2,-1,-1,-1,-1,1,240.475784,530.890564,-1
0,1945,36,-1,-1,-1,-1,1,385.313873,253.399002,-1
0,1945,35,-1,-1,-1,-1,1,400.918396,821.885986,-1
0,1945,34,-1,-1,-1,-1,1,278.536377,665.906311,-1
0,1945,33,-1,-1,-1,-1,1,416.8526,289.769501,-1
0,1945,31,-1,-1,-1,-1,1,457.422089,261.71701,-1
0,1945,29,-1,-1,-1,-1,1,357.187347,1017.562805,-1
0,1945,28,-1,-1,-1,-1,1,46.15715,261.217346,-1
0,1945,27,-1,-1,-1,-1,1,261.052185,745.167969,-1
0,1945,26,-1,-1,-1,-1,1,141.139435,466.041656,-1
0,1945,25,-1,-1,-1,-1,1,441.086121,309.609894,-1
0,1945,24,-1,-1,-1,-1,1,365.999054,277.881226,-1
0,1945,23,-1,-1,-1,-1,1,249.943222,469.63324,-1
0,1945,22,-1,-1,-1,-1,1,97.484055,561.998474,-1
0,1945,21,-1,-1,-1,-1,1,425.261688,573.385376,-1
0,1945,19,-1,-1,-1,-1,1,378.211456,865.465393,-1
0,1945,17,-1,-1,-1,-1,1,69.348946,569.407104,-1
0,1945,16,-1,-1,-1,-1,1,350.277466,825.833069,-1
0,1945,13,-1,-1,-1,-1,1,265.207611,501.460205,-1
0,1945,12,-1,-1,-1,-1,1,120.919838,489.620514,-1
0,1945,11,-1,-1,-1,-1,1,286.09137,528.629028,-1
0,1945,10,-1,-1,-1,-1,1,444.858002,889.431641,-1
0,1945,9,-1,-1,-1,-1,1,212.99054,437.07016,-1
0,1945,8,-1,-1,-1,-1,1,308.703827,669.354736,-1
0,1945,7,-1,-1,-1,-1,1,298.747681,569.746765,-1
0,1945,6,-1,-1,-1,-1,1,217.89592,628.808167,-1
0,1945,5,-1,-1,-1,-1,1,262.322266,569.32373,-1
0,1945,4,-1,-1,-1,-1,1,328.797699,729.875916,-1
0,1945,3,-1,-1,-1,-1,1,353.165009,850.242737,-1
0,1945,2,-1,-1,-1,-1,1,240.989243,533.491455,-1
0,1950,36,-1,-1,-1,-1,1,381.03125,233.689667,-1
0,1950,35,-1,-1,-1,-1,1,401.413208,821.722778,-1
0,1950,34,-1,-1,-1,-1,1,278.086334,665.679626,-1
0,1950,33,-1,-1,-1,-1,1,409.498016,269.561279,-1
0,1950,32,-1,-1,-1,-1,1,301.245789,729.403198,-1
0,1950,31,-1,-1,-1,-1,1,453.438965,233.47171,-1
0,1950,29,-1,-1,-1,-1,1,346.079254,1038.10022,-1
0,1950,28,-1,-1,-1,-1,1,45.882133,261.442017,-1
0,1950,27,-1,-1,-1,-1,1,236.918564,749.132446,-1
0,1950,26,-1,-1,-1,-1,1,134.165985,441.103882,-1
0,1950,25,-1,-1,-1,-1,1,438.143707,277.634674,-1
0,1950,24,-1,-1,-1,-1,1,357.516754,253.582214,-1
0,1950,23,-1,-1,-1,-1,1,238.103119,473.238037,-1
0,1950,22,-1,-1,-1,-1,1,93.6035,541.574585,-1
0,1950,21,-1,-1,-1,-1,1,422.768188,576.698669,-1
0,1950,19,-1,-1,-1,-1,1,425.230957,906.091064,-1
0,1950,18,-1,-1,-1,-1,1,449.11673,933.787292,-1
0,1950,17,-1,-1,-1,-1,1,69.297073,553.782532,-1
0,1950,16,-1,-1,-1,-1,1,353.192078,850.303894,-1
0,1950,15,-1,-1,-1,-1,1,333.312317,1021.718994,-1
0,1950,13,-1,-1,-1,-1,1,264.959015,501.23877,-1
0,1950,12,-1,-1,-1,-1,1,110.479317,461.674194,-1
0,1950,11,-1,-1,-1,-1,1,286.07608,528.884094,-1
0,1950,10,-1,-1,-1,-1,1,453.387207,885.352783,-1
0,1950,9,-1,-1,-1,-1,1,197.176254,437.988312,-1
0,1950,8,-1,-1,-1,-1,1,305.97641,666.12085,-1
0,1950,7,-1,-1,-1,-1,1,300.986023,569.157043,-1
0,1950,6,-1,-1,-1,-1,1,217.995346,628.985107,-1
0,1950,5,-1,-1,-1,-1,1,262.009308,569.454407,-1
0,1950,4,-1,-1,-1,-1,1,353.095123,825.489929,-1
0,1950,3,-1,-1,-1,-1,1,377.548126,866.134521,-1
0,1950,2,-1,-1,-1,-1,1,240.778854,533.806702,-1
0,1955,37,-1,-1,-1,-1,1,446.633606,560.965759,-1
0,1955,36,-1,-1,-1,-1,1,369.615997,213.378845,-1
0,1955,35,-1,-1,-1,-1,1,401.662201,821.308228,-1
0,1955,34,-1,-1,-1,-1,1,278.127686,666.237,-1
0,1955,33,-1,-1,-1,-1,1,405.488525,245.93161,-1
0,1955,32,-1,-1,-1,-1,1,277.297943,725.734558,-1
0,1955,31,-1,-1,-1,-1,1,445.769592,209.526321,-1
0,1955,29,-1,-1,-1,-1,1,333.51239,1061.173828,-1
0,1955,28,-1,-1,-1,-1,1,46.095509,261.236176,-1
0,1955,27,-1,-1,-1,-1,1,212.910675,749.289246,-1
0,1955,26,-1,-1,-1,-1,1,128.697052,410.350464,-1
0,1955,25,-1,-1,-1,-1,1,437.582092,250.067276,-1
0,1955,24,-1,-1,-1,-1,1,353.404755,233.574875,-1
0,1955,23,-1,-1,-1,-1,1,225.059921,473.861206,-1
0,1955,22,-1,-1,-1,-1,1,90.133995,521.129578,-1
0,1955,21,-1,-1,-1,-1,1,421.681702,573.243286,-1
0,1955,19,-1,-1,-1,-1,1,378.275146,866.038513,-1
0,1955,18,-1,-1,-1,-1,1,412.964813,925.516724,-1
0,1955,17,-1,-1,-1,-1,1,69.809807,534.096069,-1
0,1955,16,-1,-1,-1,-1,1,353.337921,825.441895,-1
0,1955,15,-1,-1,-1,-1,1,313.244537,1045.776123,-1
0,1955,13,-1,-1,-1,-1,1,262.767273,501.72049,-1
0,1955,12,-1,-1,-1,-1,1,102.23307,433.244141,-1
0,1955,11,-1,-1,-1,-1,1,286.218323,529.157471,-1
0,1955,9,-1,-1,-1,-1,1,177.845276,440.884338,-1
0,1955,8,-1,-1,-1,-1,1,305.532013,665.988159,-1
0,1955,7,-1,-1,-1,-1,1,301.303558,568.997437,-1
0,1955,6,-1,-1,-1,-1,1,218.582397,629.135986,-1
0,1955,5,-1,-1,-1,-1,1,262.126801,569.540039,-1
0,1955,3,-1,-1,-1,-1,1,353.572968,853.23114,-1
0,1955,2,-1,-1,-1,-1,1,240.497314,533.632874,-1
0,1960,37,-1,-1,-1,-1,1,417.344513,565.535583,-1
0,1960,36,-1,-1,-1,-1,1,365.833466,189.737274,-1
0,1960,35,-1,-1,-1,-1,1,401.086792,821.565308,-1
0,1960,34,-1,-1,-1,-1,1,278.289307,666.19635,-1
0,1960,33,-1,-1,-1,-1,1,397.451965,218.199554,-1
0,1960,32,-1,-1,-1,-1,1,250.651764,725.59552,-1
0,1960,29,-1,-1,-1,-1,1,322.200775,1077.992065,-1
0,1960,28,-1,-1,-1,-1,1,46.183815,261.151642,-1
0,1960,27,-1,-1,-1,-1,1,186.192978,748.952576,-1
0,1960,26,-1,-1,-1,-1,1,122.074242,382.253174,-1
0,1960,25,-1,-1,-1,-1,1,429.666016,217.954422,-1
0,1960,24,-1,-1,-1,-1,1,344.834106,209.963852,-1
0,1960,23,-1,-1,-1,-1,1,213.922729,477.303223,-1
0,1960,22,-1,-1,-1,-1,1,89.396736,497.315094,-1
0,1960,21,-1,-1,-1,-1,1,437.282867,557.595093,-1
0,1960,19,-1,-1,-1,-1,1,384.831848,865.122375,-1
0,1960,17,-1,-1,-1,-1,1,66.083481,513.430664,-1
0,1960,16,-1,-1,-1,-1,1,353.734009,825.459961,-1
0,1960,15,-1,-1,-1,-1,1,297.932373,1065.771973,-1
0,1960,13,-1,-1,-1,-1,1,262.576294,501.837463,-1
0,1960,12,-1,-1,-1,-1,1,93.443039,406.011902,-1
0,1960,11,-1,-1,-1,-1,1,286.241943,529.224426,-1
0,1960,9,-1,-1,-1,-1,1,161.516647,444.783661,-1
0,1960,8,-1,-1,-1,-1,1,304.790131,666.076599,-1
0,1960,7,-1,-1,-1,-1,1,301.377014,569.067932,-1
0,1960,6,-1,-1,-1,-1,1,218.032745,629.049927,-1
0,1960,5,-1,-1,-1,-1,1,264.955109,568.772583,-1
0,1960,3,-1,-1,-1,-1,1,353.128601,853.705505,-1
0,1960,2,-1,-1,-1,-1,1,240.718658,533.408386,-1
0,1965,36,-1,-1,-1,-1,1,361.037903,169.79451,-1
0,1965,35,-1,-1,-1,-1,1,400.981354,825.277954,-1
0,1965,34,-1,-1,-1,-1,1,278.221924,665.884399,-1
0,1965,33,-1,-1,-1,-1,1,393.35144,186.167755,-1
0,1965,32,-1,-1,-1,-1,1,225.757904,725.317932,-1
0,1965,29,-1,-1,-1,-1,1,309.820465,1097.761597,-1
0,1965,28,-1,-1,-1,-1,1,46.052444,261.213745,-1
0,1965,27,-1,-1,-1,-1,1,162.09903,748.814087,-1
0,1965,26,-1,-1,-1,-1,1,118.000206,354.276428,-1
0,1965,25,-1,-1,-1,-1,1,421.559174,193.989502,-1
0,1965,24,-1,-1,-1,-1,1,344.869568,194.413071,-1
0,1965,23,-1,-1,-1,-1,1,201.608582,477.886292,-1
0,1965,22,-1,-1,-1,-1,1,89.11776,477.629364,-1
0,1965,21,-1,-1,-1,-1,1,421.787201,541.205994,-1
0,1965,19,-1,-1,-1,-1,1,384.807068,861.729187,-1
0,1965,18,-1,-1,-1,-1,1,409.252228,985.560669,-1
0,1965,17,-1,-1,-1,-1,1,65.02076,494.235657,-1
0,1965,16,-1,-1,-1,-1,1,354.070587,825.551941,-1
0,1965,15,-1,-1,-1,-1,1,285.72699,1085.456543,-1
0,1965,13,-1,-1,-1,-1,1,264.784302,501.78299,-1
0,1965,12,-1,-1,-1,-1,1,92.686356,374.217346,-1
0,1965,11,-1,-1,-1,-1,1,286.377869,529.166992,-1
0,1965,10,-1,-1,-1,-1,1,385.377625,969.560791,-1
0,1965,9,-1,-1,-1,-1,1,145.993301,446.074738,-1
0,1965,8,-1,-1,-1,-1,1,302.653595,666.178589,-1
0,1965,7,-1,-1,-1,-1,1,301.254944,568.860779,-1
0,1965,6,-1,-1,-1,-1,1,217.783539,629.017395,-1
0,1965,5,-1,-1,-1,-1,1,262.322479,569.069153,-1
0,1965,3,-1,-1,-1,-1,1,353.772705,853.123352,-1
0,1965,2,-1,-1,-1,-1,1,240.533371,533.47998,-1
0,1970,37,-1,-1,-1,-1,1,389.222321,533.680054,-1
0,1970,36,-1,-1,-1,-1,1,353.601501,149.703568,-1
0,1970,35,-1,-1,-1,-1,1,400.691772,821.705505,-1
0,1970,34,-1,-1,-1,-1,1,278.161041,665.891296,-1
0,1970,32,-1,-1,-1,-1,1,201.101578,721.90918,-1
0,1970,29,-1,-1,-1,-1,1,294.336761,1121.824829,-1
0,1970,28,-1,-1,-1,-1,1,45.791065,261.911774,-1
0,1970,27,-1,-1,-1,-1,1,137.076889,749.354492,-1
0,1970,26,-1,-1,-1,-1,1,113.48848,325.477905,-1
0,1970,24,-1,-1,-1,-1,1,337.400818,173.663239,-1
0,1970,23,-1,-1,-1,-1,1,190.547501,480.595764,-1
0,1970,22,-1,-1,-1,-1,1,89.287735,457.558685,-1
0,1970,21,-1,-1,-1,-1,1,406.584595,521.36554,-1
0,1970,19,-1,-1,-1,-1,1,382.356628,864.769531,-1
0,1970,18,-1,-1,-1,-1,1,397.394806,1005.637085,-1
0,1970,17,-1,-1,-1,-1,1,61.766018,473.217285,-1
0,1970,16,-1,-1,-1,-1,1,353.434174,825.574158,-1
0,1970,15,-1,-1,-1,-1,1,274.010834,1109.647217,-1
0,1970,13,-1,-1,-1,-1,1,264.799835,501.768707,-1
0,1970,12,-1,-1,-1,-1,1,85.494911,345.626678,-1
0,1970,11,-1,-1,-1,-1,1,286.379913,528.982788,-1
0,1970,10,-1,-1,-1,-1,1,377.751953,981.669495,-1
0,1970,9,-1,-1,-1,-1,1,133.626602,449.25528,-1
0,1970,8,-1,-1,-1,-1,1,302.531586,666.116577,-1
0,1970,7,-1,-1,-1,-1,1,300.865906,569.226257,-1
0,1970,6,-1,-1,-1,-1,1,218.025009,629.005371,-1
0,1970,5,-1,-1,-1,-1,1,264.840027,568.561401,-1
0,1970,3,-1,-1,-1,-1,1,353.077148,853.188232,-1
0,1970,2,-1,-1,-1,-1,1,240.497406,533.327759,-1
0,1975,37,-1,-1,-1,-1,1,374.268005,513.232056,-1
0,1975,36,-1,-1,-1,-1,1,349.361023,137.852448,-1
0,1975,35,-1,-1,-1,-1,1,400.973083,825.583618,-1
0,1975,34,-1,-1,-1,-1,1,278.119415,665.764099,-1
0,1975,32,-1,-1,-1,-1,1,174.636948,721.449707,-1
0,1975,30,-1,-1,-1,-1,1,85.866653,313.407776,-1
0,1975,29,-1,-1,-1,-1,1,284.673126,1141.152954,-1
0,1975,28,-1,-1,-1,-1,1,45.975044,258.483582,-1
0,1975,27,-1,-1,-1,-1,1,110.582924,749.531311,-1
0,1975,26,-1,-1,-1,-1,1,109.467476,293.639618,-1
0,1975,24,-1,-1,-1,-1,1,329.44928,149.738953,-1
0,1975,23,-1,-1,-1,-1,1,185.059845,481.46463,-1
0,1975,22,-1,-1,-1,-1,1,89.946724,434.019623,-1
0,1975,21,-1,-1,-1,-1,1,393.877991,501.503754,-1
0,1975,19,-1,-1,-1,-1,1,382.634552,862.013611,-1
0,1975,18,-1,-1,-1,-1,1,414.267975,1016.905701,-1
0,1975,16,-1,-1,-1,-1,1,353.805847,825.768066,-1
0,1975,15,-1,-1,-1,-1,1,258.003479,1133.496826,-1
0,1975,13,-1,-1,-1,-1,1,262.814026,501.832764,-1
0,1975,12,-1,-1,-1,-1,1,65.426689,442.450256,-1
0,1975,11,-1,-1,-1,-1,1,286.163757,529.589539,-1
0,1975,10,-1,-1,-1,-1,1,385.729919,1029.326172,-1
0,1975,9,-1,-1,-1,-1,1,117.828285,457.966675,-1
0,1975,8,-1,-1,-1,-1,1,302.528137,665.921082,-1
0,1975,7,-1,-1,-1,-1,1,301.033539,568.762451,-1
0,1975,6,-1,-1,-1,-1,1,217.998749,628.90979,-1
0,1975,5,-1,-1,-1,-1,1,265.42746,568.993835,-1
0,1975,4,-1,-1,-1,-1,1,465.287994,861.698975,-1
0,1975,3,-1,-1,-1,-1,1,353.244232,853.293823,-1
0,1975,2,-1,-1,-1,-1,1,240.507706,533.741638,-1
0,1980,38,-1,-1,-1,-1,1,373.816223,1049.950562,-1
0,1980,37,-1,-1,-1,-1,1,358.107269,489.558777,-1
0,1980,35,-1,-1,-1,-1,1,400.866028,825.474365,-1
0,1980,34,-1,-1,-1,-1,1,277.909698,665.915588,-1
0,1980,32,-1,-1,-1,-1,1,150.09552,721.0,-1
0,1980,30,-1,-1,-1,-1,1,81.712982,281.587463,-1
0,1980,29,-1,-1,-1,-1,1,269.890747,1161.425415,-1
0,1980,28,-1,-1,-1,-1,1,48.468513,261.423309,-1
0,1980,27,-1,-1,-1,-1,1,86.289474,753.662598,-1
0,1980,26,-1,-1,-1,-1,1,109.16642,269.331268,-1
0,1980,23,-1,-1,-1,-1,1,177.204773,485.650421,-1
0,1980,22,-1,-1,-1,-1,1,105.881126,465.449829,-1
0,1980,21,-1,-1,-1,-1,1,378.088501,477.08255,-1
0,1980,19,-1,-1,-1,-1,1,382.393982,861.917969,-1
0,1980,18,-1,-1,-1,-1,1,405.034729,1045.25293,-1
0,1980,16,-1,-1,-1,-1,1,353.783203,825.592102,-1
0,1980,15,-1,-1,-1,-1,1,245.635483,1152.915405,-1
0,1980,13,-1,-1,-1,-1,1,264.829987,501.781586,-1
0,1980,12,-1,-1,-1,-1,1,73.218773,425.917511,-1
0,1980,11,-1,-1,-1,-1,1,286.314392,529.238586,-1
0,1980,10,-1,-1,-1,-1,1,357.4935,1025.588867,-1
0,1980,8,-1,-1,-1,-1,1,302.219788,666.044739,-1
0,1980,7,-1,-1,-1,-1,1,301.178802,568.856079,-1
0,1980,6,-1,-1,-1,-1,1,217.81337,628.927124,-1
0,1980,5,-1,-1,-1,-1,1,265.035675,568.700134,-1
0,1980,4,-1,-1,-1,-1,1,449.999084,885.59082,-1
0,1980,3,-1,-1,-1,-1,1,353.198883,850.188293,-1
0,1980,2,-1,-1,-1,-1,1,240.78598,533.724426,-1
0,1985,38,-1,-1,-1,-1,1,361.207367,1077.503174,-1
0,1985,37,-1,-1,-1,-1,1,342.026337,461.71817,-1
0,1985,35,-1,-1,-1,-1,1,401.383789,825.327576,-1
0,1985,34,-1,-1,-1,-1,1,277.673584,669.155212,-1
0,1985,32,-1,-1,-1,-1,1,125.394165,725.264526,-1
0,1985,30,-1,-1,-1,-1,1,80.779305,253.88797,-1
0,1985,29,-1,-1,-1,-1,1,256.891144,1185.253662,-1
0,1985,28,-1,-1,-1,-1,1,49.321114,261.771759,-1
0,1985,26,-1,-1,-1,-1,1,105.683212,237.189468,-1
0,1985,23,-1,-1,-1,-1,1,174.000183,485.420471,-1
0,1985,22,-1,-1,-1,-1,1,93.74826,470.289612,-1
0,1985,21,-1,-1,-1,-1,1,365.587585,445.436554,-1
0,1985,19,-1,-1,-1,-1,1,384.466187,861.620728,-1
0,1985,18,-1,-1,-1,-1,1,396.854919,1065.375854,-1
0,1985,16,-1,-1,-1,-1,1,353.712006,825.741577,-1
0,1985,15,-1,-1,-1,-1,1,233.273132,1173.640747,-1
0,1985,13,-1,-1,-1,-1,1,265.00415,501.624695,-1
0,1985,12,-1,-1,-1,-1,1,73.549988,401.38327,-1
0,1985,11,-1,-1,-1,-1,1,286.374084,529.108093,-1
0,1985,10,-1,-1,-1,-1,1,437.317047,905.684204,-1
0,1985,8,-1,-1,-1,-1,1,302.471741,665.97522,-1
0,1985,7,-1,-1,-1,-1,1,301.358978,569.171753,-1
0,1985,6,-1,-1,-1,-1,1,218.029449,628.994873,-1
0,1985,5,-1,-1,-1,-1,1,264.769989,568.272705,-1
0,1985,4,-1,-1,-1,-1,1,469.986053,909.420044,-1
0,1985,3,-1,-1,-1,-1,1,353.373871,849.418884,-1
0,1985,2,-1,-1,-1,-1,1,241.371353,533.862793,-1
0,1985,1,-1,-1,-1,-1,1,65.505852,757.477173,-1
0,1990,38,-1,-1,-1,-1,1,384.753876,1101.278442,-1
0,1990,37,-1,-1,-1,-1,1,328.529968,438.034882,-1
0,1990,35,-1,-1,-1,-1,1,401.116638,825.228638,-1
0,1990,34,-1,-1,-1,-1,1,278.545746,665.975586,-1
0,1990,32,-1,-1,-1,-1,1,102.047256,728.612244,-1
0,1990,30,-1,-1,-1,-1,1,73.291107,221.614075,-1
0,1990,29,-1,-1,-1,-1,1,245.07164,1204.976807,-1
0,1990,28,-1,-1,-1,-1,1,45.891033,261.187164,-1
0,1990,26,-1,-1,-1,-1,1,100.80986,205.657852,-1
0,1990,23,-1,-1,-1,-1,1,170.135986,485.578674,-1
0,1990,22,-1,-1,-1,-1,1,77.735474,478.157288,-1
0,1990,21,-1,-1,-1,-1,1,353.909119,417.406311,-1
0,1990,19,-1,-1,-1,-1,1,384.871094,861.630554,-1
0,1990,18,-1,-1,-1,-1,1,341.066956,1077.396118,-1
0,1990,16,-1,-1,-1,-1,1,353.73941,825.74585,-1
0,1990,15,-1,-1,-1,-1,1,220.965652,1193.237305,-1
0,1990,13,-1,-1,-1,-1,1,264.884552,501.78595,-1
0,1990,12,-1,-1,-1,-1,1,76.927223,385.89209,-1
0,1990,11,-1,-1,-1,-1,1,286.188477,528.939087,-1
0,1990,10,-1,-1,-1,-1,1,418.280426,929.844421,-1
0,1990,9,-1,-1,-1,-1,1,94.342155,373.817078,-1
0,1990,8,-1,-1,-1,-1,1,302.622131,666.290161,-1
0,1990,7,-1,-1,-1,-1,1,301.269562,569.039795,-1
0,1990,6,-1,-1,-1,-1,1,217.887665,629.046082,-1
0,1990,5,-1,-1,-1,-1,1,261.876373,568.095093,-1
0,1990,4,-1,-1,-1,-1,1,457.815643,937.536133,-1
0,1990,3,-1,-1,-1,-1,1,353.460022,850.081238,-1
0,1990,2,-1,-1,-1,-1,1,240.902557,533.710449,-1
0,1990,1,-1,-1,-1,-1,1,50.431824,761.557678,-1
0,1995,38,-1,-1,-1,-1,1,325.980469,1105.347534,-1
0,1995,37,-1,-1,-1,-1,1,317.161407,413.303406,-1
0,1995,35,-1,-1,-1,-1,1,398.399872,825.04187,-1
0,1995,34,-1,-1,-1,-1,1,273.705383,669.372864,-1
0,1995,32,-1,-1,-1,-1,1,81.118607,733.236633,-1
0,1995,30,-1,-1,-1,-1,1,65.902367,197.93869,-1
0,1995,29,-1,-1,-1,-1,1,229.905365,1229.145508,-1
0,1995,28,-1,-1,-1,-1,1,48.732494,261.113525,-1
0,1995,26,-1,-1,-1,-1,1,89.70784,177.376251,-1
0,1995,23,-1,-1,-1,-1,1,169.755569,485.879486,-1
0,1995,22,-1,-1,-1,-1,1,62.233738,478.102325,-1
0,1995,21,-1,-1,-1,-1,1,345.007141,394.016815,-1
0,1995,19,-1,-1,-1,-1,1,384.812408,865.019653,-1
0,1995,16,-1,-1,-1,-1,1,354.094269,825.605103,-1
0,1995,15,-1,-1,-1,-1,1,209.929977,1213.708862,-1
0,1995,13,-1,-1,-1,-1,1,264.851624,501.645142,-1
0,1995,12,-1,-1,-1,-1,1,77.30529,357.981415,-1
0,1995,11,-1,-1,-1,-1,1,286.161194,529.219421,-1
0,1995,10,-1,-1,-1,-1,1,405.563202,949.593933,-1
0,1995,9,-1,-1,-1,-1,1,97.594528,350.140747,-1
0,1995,8,-1,-1,-1,-1,1,302.154816,668.910461,-1
0,1995,7,-1,-1,-1,-1,1,301.301788,568.954041,-1
0,1995,6,-1,-1,-1,-1,1,217.763321,629.027954,-1
0,1995,5,-1,-1,-1,-1,1,261.918671,568.049072,-1
0,1995,4,-1,-1,-1,-1,1,445.525238,965.227722,-1
0,1995,3,-1,-1,-1,-1,1,353.128906,853.278198,-1
0,1995,2,-1,-1,-1,-1,1,237.873032,534.02002,-1
