0,360,37,-1,-1,-1,-1,1,10.203723,182.025909,-1
0,360,36,-1,-1,-1,-1,1,134.486298,193.267319,-1
0,360,35,-1,-1,-1,-1,1,777.880737,193.116455,-1
0,360,34,-1,-1,-1,-1,1,473.96405,549.522461,-1
0,360,33,-1,-1,-1,-1,1,761.028748,90.890648,-1
0,360,32,-1,-1,-1,-1,1,386.562592,292.749786,-1
0,360,31,-1,-1,-1,-1,1,248.00412,514.49054,-1
0,360,30,-1,-1,-1,-1,1,400.64386,424.024384,-1
0,360,29,-1,-1,-1,-1,1,430.21875,383.96817,-1
0,360,28,-1,-1,-1,-1,1,185.929031,444.118622,-1
0,360,27,-1,-1,-1,-1,1,280.953857,171.022446,-1
0,360,26,-1,-1,-1,-1,1,143.318268,433.758545,-1
0,360,25,-1,-1,-1,-1,1,416.062622,232.686478,-1
0,360,24,-1,-1,-1,-1,1,406.051392,605.337708,-1
0,360,23,-1,-1,-1,-1,1,508.976807,402.434448,-1
0,360,22,-1,-1,-1,-1,1,274.174164,558.148376,-1
0,360,21,-1,-1,-1,-1,1,372.30896,489.044891,-1
0,360,20,-1,-1,-1,-1,1,150.885468,160.841415,-1
0,360,19,-1,-1,-1,-1,1,584.756714,420.74704,-1
0,360,18,-1,-1,-1,-1,1,834.060425,556.73877,-1
0,360,17,-1,-1,-1,-1,1,861.472839,318.702728,-1
0,360,16,-1,-1,-1,-1,1,418.885925,457.457703,-1
0,360,15,-1,-1,-1,-1,1,757.924805,308.679596,-1
0,360,14,-1,-1,-1,-1,1,225.324692,480.452789,-1
0,360,13,-1,-1,-1,-1,1,981.080566,181.577408,-1
0,360,12,-1,-1,-1,-1,1,417.262543,301.847168,-1
0,360,11,-1,-1,-1,-1,1,626.817322,138.057388,-1
0,360,10,-1,-1,-1,-1,1,702.675476,517.921082,-1
0,360,9,-1,-1,-1,-1,1,556.993774,240.467255,-1
0,360,8,-1,-1,-1,-1,1,354.445343,105.59269,-1
0,360,7,-1,-1,-1,-1,1,636.325134,449.867432,-1
0,360,6,-1,-1,-1,-1,1,590.650574,273.17395,-1
0,360,5,-1,-1,-1,-1,1,806.511414,493.039154,-1
0,360,4,-1,-1,-1,-1,1,125.752296,349.208252,-1
0,360,3,-1,-1,-1,-1,1,557.811218,506.537109,-1
0,360,2,-1,-1,-1,-1,1,824.866455,440.654999,-1
0,360,1,-1,-1,-1,-1,1,202.142792,405.495728,-1
0,361,37,-1,-1,-1,-1,1,10.014805,213.750717,-1
0,361,36,-1,-1,-1,-1,1,125.793747,213.9021,-1
0,361,35,-1,-1,-1,-1,1,768.658936,185.558472,-1
0,361,34,-1,-1,-1,-1,1,497.703735,549.126038,-1
0,361,33,-1,-1,-1,-1,1,749.33374,104.565521,-1
0,361,32,-1,-1,-1,-1,1,372.806396,311.985382,-1
0,361,31,-1,-1,-1,-1,1,236.545853,537.285034,-1
0,361,30,-1,-1,-1,-1,1,412.694092,401.856781,-1
0,361,29,-1,-1,-1,-1,1,454.27832,389.980957,-1
0,361,28,-1,-1,-1,-1,1,194.535461,436.46936,-1
0,361,27,-1,-1,-1,-1,1,305.037689,169.984711,-1
0,361,26,-1,-1,-1,-1,1,144.895981,409.14978,-1
0,361,25,-1,-1,-1,-1,1,390.733948,231.949875,-1
0,361,24,-1,-1,-1,-1,1,406.370483,582.084961,-1
0,361,23,-1,-1,-1,-1,1,530.035889,392.234314,-1
0,361,22,-1,-1,-1,-1,1,264.320953,572.407043,-1
0,361,21,-1,-1,-1,-1,1,366.921417,511.94986,-1
0,361,20,-1,-1,-1,-1,1,133.115585,145.695572,-1
0,361,19,-1,-1,-1,-1,1,565.211487,413.062286,-1
0,361,18,-1,-1,-1,-1,1,850.764893,570.197327,-1
0,361,17,-1,-1,-1,-1,1,838.15387,330.207916,-1
0,361,16,-1,-1,-1,-1,1,394.366516,453.450836,-1
0,361,15,-1,-1,-1,-1,1,777.904297,322.174744,-1
0,361,14,-1,-1,-1,-1,1,228.214111,456.583466,-1
0,361,12,-1,-1,-1,-1,1,440.65863,300.966675,-1
0,361,11,-1,-1,-1,-1,1,652.160461,136.488235,-1
0,361,10,-1,-1,-1,-1,1,710.553833,495.934601,-1
0,361,9,-1,-1,-1,-1,1,580.476379,239.112656,-1
0,361,8,-1,-1,-1,-1,1,329.835052,106.682487,-1
0,361,7,-1,-1,-1,-1,1,612.315979,453.825928,-1
0,361,6,-1,-1,-1,-1,1,568.920166,282.828461,-1
0,361,5,-1,-1,-1,-1,1,790.717041,476.308197,-1
0,361,4,-1,-1,-1,-1,1,128.546494,372.487244,-1
0,361,3,-1,-1,-1,-1,1,581.876038,506.691681,-1
0,361,2,-1,-1,-1,-1,1,809.338989,421.937622,-1
0,361,1,-1,-1,-1,-1,1,182.055969,420.799133,-1
0,362,39,-1,-1,-1,-1,1,789.921204,150.348755,-1
0,362,37,-1,-1,-1,-1,1,53.792423,173.503769,-1
0,362,36,-1,-1,-1,-1,1,113.947105,230.297836,-1
0,362,35,-1,-1,-1,-1,1,742.423889,185.19191,-1
0,362,34,-1,-1,-1,-1,1,520.930176,546.934143,-1
0,362,33,-1,-1,-1,-1,1,725.183716,105.108597,-1
0,362,32,-1,-1,-1,-1,1,358.498108,329.942719,-1
0,362,31,-1,-1,-1,-1,1,224.069778,556.635925,-1
0,362,30,-1,-1,-1,-1,1,422.763763,381.325958,-1
0,362,29,-1,-1,-1,-1,1,477.95166,397.343445,-1
0,362,28,-1,-1,-1,-1,1,192.168106,452.509094,-1
0,362,27,-1,-1,-1,-1,1,328.696838,168.005829,-1
0,362,26,-1,-1,-1,-1,1,180.924057,396.427521,-1
0,362,25,-1,-1,-1,-1,1,368.389343,230.001144,-1
0,362,24,-1,-1,-1,-1,1,408.971344,560.641968,-1
0,362,23,-1,-1,-1,-1,1,550.418701,381.103119,-1
0,362,22,-1,-1,-1,-1,1,268.429382,597.921997,-1
0,362,21,-1,-1,-1,-1,1,363.112335,536.000549,-1
0,362,20,-1,-1,-1,-1,1,109.782112,144.839813,-1
0,362,19,-1,-1,-1,-1,1,540.55072,406.227997,-1
0,362,18,-1,-1,-1,-1,1,853.542358,593.520386,-1
0,362,17,-1,-1,-1,-1,1,820.085083,341.767761,-1
0,362,16,-1,-1,-1,-1,1,372.62085,454.287384,-1
0,362,15,-1,-1,-1,-1,1,796.07251,337.728088,-1
0,362,14,-1,-1,-1,-1,1,231.984924,433.297455,-1
0,362,12,-1,-1,-1,-1,1,465.5159,298.778839,-1
0,362,11,-1,-1,-1,-1,1,676.415405,134.886017,-1
0,362,10,-1,-1,-1,-1,1,717.688416,472.759521,-1
0,362,9,-1,-1,-1,-1,1,604.484131,237.913239,-1
0,362,8,-1,-1,-1,-1,1,305.613464,106.864052,-1
0,362,7,-1,-1,-1,-1,1,588.305359,456.948578,-1
0,362,6,-1,-1,-1,-1,1,549.42688,294.291107,-1
0,362,5,-1,-1,-1,-1,1,770.362122,466.897736,-1
0,362,4,-1,-1,-1,-1,1,133.242462,397.240173,-1
0,362,3,-1,-1,-1,-1,1,605.279236,504.305847,-1
0,362,2,-1,-1,-1,-1,1,793.64032,404.394989,-1
0,363,39,-1,-1,-1,-1,1,796.990662,125.190804,-1
0,363,38,-1,-1,-1,-1,1,281.675781,589.856018,-1
0,363,37,-1,-1,-1,-1,1,78.075905,173.467987,-1
0,363,36,-1,-1,-1,-1,1,52.850391,225.598785,-1
0,363,35,-1,-1,-1,-1,1,718.093567,184.43457,-1
0,363,34,-1,-1,-1,-1,1,545.95697,545.220337,-1
0,363,33,-1,-1,-1,-1,1,704.691833,105.942802,-1
0,363,32,-1,-1,-1,-1,1,344.736542,349.57196,-1
0,363,31,-1,-1,-1,-1,1,210.947098,581.352844,-1
0,363,30,-1,-1,-1,-1,1,434.316345,359.109833,-1
0,363,28,-1,-1,-1,-1,1,185.527771,474.289642,-1
0,363,27,-1,-1,-1,-1,1,354.473022,165.567673,-1
0,363,26,-1,-1,-1,-1,1,178.049423,370.012939,-1
0,363,25,-1,-1,-1,-1,1,343.085693,229.483459,-1
0,363,24,-1,-1,-1,-1,1,422.888824,546.123413,-1
0,363,23,-1,-1,-1,-1,1,576.566589,370.60614,-1
0,363,22,-1,-1,-1,-1,1,264.385315,621.524902,-1
0,363,21,-1,-1,-1,-1,1,358.397522,558.046509,-1
0,363,20,-1,-1,-1,-1,1,84.909996,142.508316,-1
0,363,19,-1,-1,-1,-1,1,502.092377,404.827881,-1
0,363,18,-1,-1,-1,-1,1,853.98938,618.743652,-1
0,363,17,-1,-1,-1,-1,1,797.457703,360.331696,-1
0,363,16,-1,-1,-1,-1,1,360.012756,474.30545,-1
0,363,14,-1,-1,-1,-1,1,233.957108,408.306183,-1
0,363,12,-1,-1,-1,-1,1,489.729095,297.244202,-1
0,363,11,-1,-1,-1,-1,1,698.799438,133.253113,-1
0,363,10,-1,-1,-1,-1,1,726.18335,449.308044,-1
0,363,9,-1,-1,-1,-1,1,628.783447,236.907974,-1
0,363,8,-1,-1,-1,-1,1,281.358276,108.864632,-1
0,363,7,-1,-1,-1,-1,1,562.074097,460.426788,-1
0,363,6,-1,-1,-1,-1,1,528.242065,302.791382,-1
0,363,5,-1,-1,-1,-1,1,745.713684,461.291687,-1
0,363,4,-1,-1,-1,-1,1,134.499313,420.699921,-1
0,363,3,-1,-1,-1,-1,1,629.685974,501.544434,-1
0,363,2,-1,-1,-1,-1,1,777.896057,385.317657,-1
0,364,41,-1,-1,-1,-1,1,93.784508,274.147522,-1
0,364,40,-1,-1,-1,-1,1,173.986374,349.699188,-1
0,364,39,-1,-1,-1,-1,1,801.655396,101.623337,-1
0,364,38,-1,-1,-1,-1,1,284.90274,562.798645,-1
0,364,37,-1,-1,-1,-1,1,93.819801,181.900299,-1
0,364,36,-1,-1,-1,-1,1,81.62516,233.071777,-1
0,364,35,-1,-1,-1,-1,1,694.305969,183.949738,-1
0,364,34,-1,-1,-1,-1,1,569.106689,542.506042,-1
0,364,33,-1,-1,-1,-1,1,677.402405,107.061935,-1
0,364,32,-1,-1,-1,-1,1,330.480896,369.459778,-1
0,364,31,-1,-1,-1,-1,1,197.449768,600.890869,-1
0,364,30,-1,-1,-1,-1,1,445.785583,340.579895,-1
0,364,29,-1,-1,-1,-1,1,521.63031,411.012024,-1
0,364,28,-1,-1,-1,-1,1,180.623581,497.635193,-1
0,364,27,-1,-1,-1,-1,1,376.678833,164.16153,-1
0,364,25,-1,-1,-1,-1,1,320.251007,228.272446,-1
0,364,24,-1,-1,-1,-1,1,448.187378,545.245422,-1
0,364,23,-1,-1,-1,-1,1,596.96875,361.370605,-1
0,364,21,-1,-1,-1,-1,1,356.525787,582.483765,-1
0,364,20,-1,-1,-1,-1,1,58.925816,141.108307,-1
0,364,19,-1,-1,-1,-1,1,496.168152,392.719391,-1
0,364,17,-1,-1,-1,-1,1,794.989014,382.511841,-1
0,364,16,-1,-1,-1,-1,1,346.562103,493.70462,-1
0,364,14,-1,-1,-1,-1,1,236.641434,385.050201,-1
0,364,12,-1,-1,-1,-1,1,513.749756,294.987152,-1
0,364,11,-1,-1,-1,-1,1,721.639648,130.845825,-1
0,364,10,-1,-1,-1,-1,1,732.743652,426.810486,-1
0,364,9,-1,-1,-1,-1,1,651.000854,234.849594,-1
0,364,8,-1,-1,-1,-1,1,258.868439,109.476082,-1
0,364,7,-1,-1,-1,-1,1,538.547607,463.954346,-1
0,364,6,-1,-1,-1,-1,1,505.094116,315.039581,-1
0,364,5,-1,-1,-1,-1,1,726.169678,454.287109,-1
0,364,4,-1,-1,-1,-1,1,137.93782,444.573486,-1
0,364,3,-1,-1,-1,-1,1,653.164062,500.891418,-1
0,364,2,-1,-1,-1,-1,1,762.74176,367.002289,-1
0,365,41,-1,-1,-1,-1,1,78.100792,294.656891,-1
0,365,40,-1,-1,-1,-1,1,170.904922,320.441376,-1
0,365,39,-1,-1,-1,-1,1,810.076782,80.867752,-1
0,365,38,-1,-1,-1,-1,1,298.891998,545.704773,-1
0,365,37,-1,-1,-1,-1,1,109.627388,201.547485,-1
0,365,36,-1,-1,-1,-1,1,98.324593,242.389587,-1
0,365,35,-1,-1,-1,-1,1,669.803833,182.893524,-1
0,365,34,-1,-1,-1,-1,1,590.353699,538.704224,-1
0,365,33,-1,-1,-1,-1,1,653.592529,108.84269,-1
0,365,32,-1,-1,-1,-1,1,324.188263,389.949463,-1
0,365,31,-1,-1,-1,-1,1,186.285843,621.829041,-1
0,365,30,-1,-1,-1,-1,1,457.228973,316.945068,-1
0,365,29,-1,-1,-1,-1,1,545.525696,416.837738,-1
0,365,28,-1,-1,-1,-1,1,174.854309,520.869995,-1
0,365,27,-1,-1,-1,-1,1,400.276581,162.641357,-1
0,365,25,-1,-1,-1,-1,1,296.347534,226.655472,-1
0,365,24,-1,-1,-1,-1,1,470.41449,542.480957,-1
0,365,23,-1,-1,-1,-1,1,617.835327,352.329651,-1
0,365,21,-1,-1,-1,-1,1,349.361664,601.962402,-1
0,365,20,-1,-1,-1,-1,1,34.87989,138.435837,-1
0,365,19,-1,-1,-1,-1,1,472.724152,386.835815,-1
0,365,17,-1,-1,-1,-1,1,794.65332,408.714722,-1
0,365,16,-1,-1,-1,-1,1,334.288483,514.086975,-1
0,365,14,-1,-1,-1,-1,1,239.089615,361.552368,-1
0,365,12,-1,-1,-1,-1,1,537.063599,293.119476,-1
0,365,11,-1,-1,-1,-1,1,746.643616,129.717514,-1
0,365,10,-1,-1,-1,-1,1,745.591248,408.575195,-1
0,365,9,-1,-1,-1,-1,1,676.712036,233.763306,-1
0,365,8,-1,-1,-1,-1,1,233.919434,110.536079,-1
0,365,7,-1,-1,-1,-1,1,514.231506,466.681274,-1
0,365,6,-1,-1,-1,-1,1,484.653473,325.156708,-1
0,365,5,-1,-1,-1,-1,1,700.784485,445.734314,-1
0,365,4,-1,-1,-1,-1,1,139.165253,466.438446,-1
0,365,3,-1,-1,-1,-1,1,677.612244,499.082336,-1
0,365,2,-1,-1,-1,-1,1,746.794861,349.758972,-1
0,366,41,-1,-1,-1,-1,1,73.079269,314.271698,-1
0,366,40,-1,-1,-1,-1,1,173.503281,297.602509,-1
0,366,39,-1,-1,-1,-1,1,813.188721,57.00449,-1
0,366,37,-1,-1,-1,-1,1,126.688934,221.149216,-1
0,366,36,-1,-1,-1,-1,1,100.810638,269.725098,-1
0,366,35,-1,-1,-1,-1,1,646.383728,182.480026,-1
0,366,34,-1,-1,-1,-1,1,616.76239,537.979675,-1
0,366,33,-1,-1,-1,-1,1,629.605835,109.463867,-1
0,366,32,-1,-1,-1,-1,1,320.15448,414.115021,-1
0,366,30,-1,-1,-1,-1,1,468.931122,297.516632,-1
0,366,29,-1,-1,-1,-1,1,569.303711,424.362152,-1
0,366,28,-1,-1,-1,-1,1,169.392197,544.921509,-1
0,366,27,-1,-1,-1,-1,1,424.429718,161.34259,-1
0,366,25,-1,-1,-1,-1,1,272.54364,226.127548,-1
0,366,24,-1,-1,-1,-1,1,494.786591,541.166199,-1
0,366,23,-1,-1,-1,-1,1,633.757385,333.342621,-1
0,366,21,-1,-1,-1,-1,1,350.039368,626.234619,-1
0,366,20,-1,-1,-1,-1,1,14.004549,138.433121,-1
0,366,19,-1,-1,-1,-1,1,449.901459,380.21402,-1
0,366,17,-1,-1,-1,-1,1,796.687012,430.332611,-1
0,366,16,-1,-1,-1,-1,1,321.918701,536.538635,-1
0,366,14,-1,-1,-1,-1,1,242.242081,337.257355,-1
0,366,12,-1,-1,-1,-1,1,560.620056,290.944885,-1
0,366,11,-1,-1,-1,-1,1,749.57428,107.020088,-1
0,366,10,-1,-1,-1,-1,1,761.930542,392.047638,-1
0,366,9,-1,-1,-1,-1,1,700.455872,232.53595,-1
0,366,8,-1,-1,-1,-1,1,213.333557,117.063499,-1
0,366,7,-1,-1,-1,-1,1,493.579773,469.37915,-1
0,366,6,-1,-1,-1,-1,1,461.339386,332.43158,-1
0,366,5,-1,-1,-1,-1,1,678.257629,440.266602,-1
0,366,4,-1,-1,-1,-1,1,145.741211,489.221741,-1
0,366,3,-1,-1,-1,-1,1,698.011902,510.27121,-1
0,366,2,-1,-1,-1,-1,1,730.891296,332.105255,-1
0,367,41,-1,-1,-1,-1,1,74.341728,338.20575,-1
0,367,40,-1,-1,-1,-1,1,166.634598,273.661377,-1
0,367,39,-1,-1,-1,-1,1,817.687439,33.269875,-1
0,367,38,-1,-1,-1,-1,1,345.250092,529.144775,-1
0,367,37,-1,-1,-1,-1,1,141.60968,236.747116,-1
0,367,36,-1,-1,-1,-1,1,102.511391,289.42981,-1
0,367,35,-1,-1,-1,-1,1,621.80658,182.058182,-1
0,367,34,-1,-1,-1,-1,1,640.811279,534.610596,-1
0,367,33,-1,-1,-1,-1,1,605.185059,110.856628,-1
0,367,32,-1,-1,-1,-1,1,316.432281,438.053955,-1
0,367,30,-1,-1,-1,-1,1,484.055939,278.532898,-1
0,367,29,-1,-1,-1,-1,1,592.805359,432.487671,-1
0,367,28,-1,-1,-1,-1,1,165.803497,565.355408,-1
0,367,27,-1,-1,-1,-1,1,448.010834,159.77066,-1
0,367,25,-1,-1,-1,-1,1,248.727493,224.306244,-1
0,367,24,-1,-1,-1,-1,1,518.400635,539.088806,-1
0,367,23,-1,-1,-1,-1,1,642.733582,313.406219,-1
0,367,19,-1,-1,-1,-1,1,426.012665,372.635956,-1
0,367,17,-1,-1,-1,-1,1,797.265991,457.342865,-1
0,367,16,-1,-1,-1,-1,1,318.416077,557.02301,-1
0,367,14,-1,-1,-1,-1,1,244.684662,314.12384,-1
0,367,13,-1,-1,-1,-1,1,986.211914,242.877853,-1
0,367,12,-1,-1,-1,-1,1,584.400146,289.251617,-1
0,367,11,-1,-1,-1,-1,1,750.413574,84.645882,-1
0,367,10,-1,-1,-1,-1,1,778.502563,374.921753,-1
0,367,9,-1,-1,-1,-1,1,722.750549,230.646896,-1
0,367,8,-1,-1,-1,-1,1,202.004501,137.422272,-1
0,367,7,-1,-1,-1,-1,1,469.878387,473.575958,-1
0,367,6,-1,-1,-1,-1,1,438.726624,345.394379,-1
0,367,5,-1,-1,-1,-1,1,654.996338,433.220428,-1
0,367,4,-1,-1,-1,-1,1,162.058151,504.655914,-1
0,367,3,-1,-1,-1,-1,1,720.270142,522.998047,-1
0,367,2,-1,-1,-1,-1,1,716.755432,312.969849,-1
0,368,41,-1,-1,-1,-1,1,73.430305,360.41095,-1
0,368,40,-1,-1,-1,-1,1,189.685043,245.531143,-1
0,368,39,-1,-1,-1,-1,1,814.320801,10.410234,-1
0,368,38,-1,-1,-1,-1,1,365.568268,518.588623,-1
0,368,37,-1,-1,-1,-1,1,161.401154,254.200989,-1
0,368,36,-1,-1,-1,-1,1,104.704453,310.411713,-1
0,368,35,-1,-1,-1,-1,1,596.982666,180.656799,-1
0,368,34,-1,-1,-1,-1,1,662.867126,533.168335,-1
0,368,33,-1,-1,-1,-1,1,582.639648,112.43544,-1
0,368,32,-1,-1,-1,-1,1,312.236328,460.950195,-1
0,368,30,-1,-1,-1,-1,1,498.170013,258.842163,-1
0,368,29,-1,-1,-1,-1,1,617.109009,437.87326,-1
0,368,28,-1,-1,-1,-1,1,157.764389,593.796875,-1
0,368,27,-1,-1,-1,-1,1,472.458801,157.946823,-1
0,368,26,-1,-1,-1,-1,1,242.90567,246.690964,-1
0,368,24,-1,-1,-1,-1,1,544.265747,537.393005,-1
0,368,23,-1,-1,-1,-1,1,653.338562,290.359406,-1
0,368,21,-1,-1,-1,-1,1,353.525208,625.67511,-1
0,368,18,-1,-1,-1,-1,1,843.976562,629.872925,-1
0,368,17,-1,-1,-1,-1,1,776.684631,473.184235,-1
0,368,16,-1,-1,-1,-1,1,316.939972,584.759277,-1
0,368,14,-1,-1,-1,-1,1,265.219391,308.489838,-1
0,368,13,-1,-1,-1,-1,1,964.499084,248.439209,-1
0,368,12,-1,-1,-1,-1,1,608.554077,288.302185,-1
0,368,11,-1,-1,-1,-1,1,752.610779,57.222591,-1
0,368,10,-1,-1,-1,-1,1,796.198853,357.786102,-1
0,368,9,-1,-1,-1,-1,1,748.710144,230.264923,-1
0,368,8,-1,-1,-1,-1,1,189.574829,158.768967,-1
0,368,7,-1,-1,-1,-1,1,445.710632,476.846069,-1
0,368,6,-1,-1,-1,-1,1,416.976654,353.813385,-1
0,368,5,-1,-1,-1,-1,1,636.254639,429.175201,-1
0,368,4,-1,-1,-1,-1,1,181.303406,521.148499,-1
0,368,3,-1,-1,-1,-1,1,740.838501,533.09491,-1
0,368,2,-1,-1,-1,-1,1,700.659851,294.441528,-1
0,369,43,-1,-1,-1,-1,1,776.029846,614.133179,-1
0,369,42,-1,-1,-1,-1,1,797.848694,504.040619,-1
0,369,41,-1,-1,-1,-1,1,76.895752,381.413025,-1
0,369,40,-1,-1,-1,-1,1,148.107178,237.285858,-1
0,369,38,-1,-1,-1,-1,1,385.572449,507.11441,-1
0,369,37,-1,-1,-1,-1,1,174.917953,272.692322,-1
0,369,36,-1,-1,-1,-1,1,108.218216,336.473236,-1
0,369,35,-1,-1,-1,-1,1,573.511963,180.166824,-1
0,369,34,-1,-1,-1,-1,1,688.729736,528.632568,-1
0,369,33,-1,-1,-1,-1,1,558.098267,113.813599,-1
0,369,32,-1,-1,-1,-1,1,307.014313,485.048859,-1
0,369,30,-1,-1,-1,-1,1,512.131775,240.091202,-1
0,369,29,-1,-1,-1,-1,1,638.208557,445.334015,-1
0,369,28,-1,-1,-1,-1,1,153.604095,613.79303,-1
0,369,27,-1,-1,-1,-1,1,496.830597,156.639954,-1
0,369,26,-1,-1,-1,-1,1,237.123718,271.000671,-1
0,369,25,-1,-1,-1,-1,1,193.996292,228.763626,-1
0,369,24,-1,-1,-1,-1,1,566.500244,536.064697,-1
0,369,23,-1,-1,-1,-1,1,664.612854,270.185211,-1
0,369,21,-1,-1,-1,-1,1,340.485565,613.460144,-1
0,369,18,-1,-1,-1,-1,1,842.989624,606.132019,-1
0,369,17,-1,-1,-1,-1,1,768.948914,489.578308,-1
0,369,16,-1,-1,-1,-1,1,314.055145,613.1026,-1
0,369,14,-1,-1,-1,-1,1,289.138641,306.861328,-1
0,369,13,-1,-1,-1,-1,1,940.568726,248.611221,-1
0,369,12,-1,-1,-1,-1,1,633.410156,285.893982,-1
0,369,11,-1,-1,-1,-1,1,753.156189,37.829887,-1
0,369,10,-1,-1,-1,-1,1,812.433655,341.334808,-1
0,369,9,-1,-1,-1,-1,1,772.647156,228.090836,-1
0,369,8,-1,-1,-1,-1,1,178.287521,181.720123,-1
0,369,7,-1,-1,-1,-1,1,421.373352,480.095367,-1
0,369,6,-1,-1,-1,-1,1,397.127167,365.350586,-1
0,369,5,-1,-1,-1,-1,1,609.697876,419.256714,-1
0,369,4,-1,-1,-1,-1,1,200.208328,536.955994,-1
0,369,3,-1,-1,-1,-1,1,760.758057,542.830078,-1
0,369,2,-1,-1,-1,-1,1,685.093445,276.482544,-1
0,370,44,-1,-1,-1,-1,1,753.595703,13.238922,-1
0,370,43,-1,-1,-1,-1,1,761.168335,594.776978,-1
0,370,42,-1,-1,-1,-1,1,798.21051,528.505981,-1
0,370,41,-1,-1,-1,-1,1,74.056641,410.940582,-1
0,370,40,-1,-1,-1,-1,1,165.768341,201.096741,-1
0,370,37,-1,-1,-1,-1,1,191.056381,288.823944,-1
0,370,36,-1,-1,-1,-1,1,113.2006,361.960388,-1
0,370,35,-1,-1,-1,-1,1,549.788757,179.094208,-1
0,370,34,-1,-1,-1,-1,1,709.606445,525.922852,-1
0,370,33,-1,-1,-1,-1,1,534.633667,114.900917,-1
0,370,32,-1,-1,-1,-1,1,302.735962,508.662628,-1
0,370,30,-1,-1,-1,-1,1,525.888123,222.261337,-1
0,370,29,-1,-1,-1,-1,1,656.882629,457.610016,-1
0,370,28,-1,-1,-1,-1,1,92.755928,638.463562,-1
0,370,27,-1,-1,-1,-1,1,518.793091,154.701019,-1
0,370,26,-1,-1,-1,-1,1,231.932678,292.64035,-1
0,370,25,-1,-1,-1,-1,1,204.808533,202.504486,-1
0,370,24,-1,-1,-1,-1,1,591.002991,533.507629,-1
0,370,21,-1,-1,-1,-1,1,309.710602,625.880981,-1
0,370,19,-1,-1,-1,-1,1,356.581024,352.101685,-1
0,370,18,-1,-1,-1,-1,1,842.949219,582.493652,-1
0,370,17,-1,-1,-1,-1,1,745.746216,493.309692,-1
0,370,16,-1,-1,-1,-1,1,322.31662,597.525208,-1
0,370,14,-1,-1,-1,-1,1,313.19809,304.950226,-1
0,370,13,-1,-1,-1,-1,1,914.729431,249.725128,-1
0,370,12,-1,-1,-1,-1,1,656.405518,284.580994,-1
0,370,11,-1,-1,-1,-1,1,738.334534,41.934296,-1
0,370,10,-1,-1,-1,-1,1,829.247864,322.402618,-1
0,370,9,-1,-1,-1,-1,1,796.776062,228.577072,-1
0,370,8,-1,-1,-1,-1,1,128.239899,224.752319,-1
0,370,7,-1,-1,-1,-1,1,398.200378,484.529327,-1
0,370,6,-1,-1,-1,-1,1,372.894409,376.742676,-1
0,370,5,-1,-1,-1,-1,1,585.473267,413.795624,-1
0,370,4,-1,-1,-1,-1,1,221.919739,553.356628,-1
0,370,3,-1,-1,-1,-1,1,757.938965,565.952454,-1
0,370,2,-1,-1,-1,-1,1,674.600159,248.304428,-1
0,371,44,-1,-1,-1,-1,1,736.671509,66.47522,-1
0,371,43,-1,-1,-1,-1,1,746.723572,577.181763,-1
0,371,42,-1,-1,-1,-1,1,798.421509,552.027771,-1
0,371,41,-1,-1,-1,-1,1,69.726204,436.438385,-1
0,371,40,-1,-1,-1,-1,1,211.169052,180.903732,-1
0,371,38,-1,-1,-1,-1,1,429.966644,486.002533,-1
0,371,37,-1,-1,-1,-1,1,206.551849,305.720184,-1
0,371,36,-1,-1,-1,-1,1,113.161942,384.699677,-1
0,371,35,-1,-1,-1,-1,1,529.462769,186.136551,-1
0,371,34,-1,-1,-1,-1,1,721.64801,496.934479,-1
0,371,33,-1,-1,-1,-1,1,512.796509,114.781906,-1
0,371,32,-1,-1,-1,-1,1,300.196472,533.189636,-1
0,371,30,-1,-1,-1,-1,1,549.393433,220.079254,-1
0,371,29,-1,-1,-1,-1,1,672.973206,472.851501,-1
0,371,28,-1,-1,-1,-1,1,89.989632,617.665466,-1
0,371,27,-1,-1,-1,-1,1,542.834656,153.551682,-1
0,371,26,-1,-1,-1,-1,1,226.846405,316.947113,-1
0,371,25,-1,-1,-1,-1,1,154.484406,220.900513,-1
0,371,24,-1,-1,-1,-1,1,613.224365,532.247314,-1
0,371,23,-1,-1,-1,-1,1,684.124817,226.828262,-1
0,371,19,-1,-1,-1,-1,1,336.654816,342.933777,-1
0,371,18,-1,-1,-1,-1,1,885.884827,626.336243,-1
0,371,17,-1,-1,-1,-1,1,734.048096,524.884827,-1
0,371,16,-1,-1,-1,-1,1,305.380829,584.825989,-1
0,371,14,-1,-1,-1,-1,1,337.854462,304.133057,-1
0,371,13,-1,-1,-1,-1,1,893.877869,250.206085,-1
0,371,12,-1,-1,-1,-1,1,677.128235,292.879547,-1
0,371,10,-1,-1,-1,-1,1,846.474609,310.285614,-1
0,371,9,-1,-1,-1,-1,1,821.895996,226.21254,-1
0,371,8,-1,-1,-1,-1,1,106.995934,213.752563,-1
0,371,7,-1,-1,-1,-1,1,373.775726,485.964661,-1
0,371,6,-1,-1,-1,-1,1,350.1073,385.112915,-1
0,371,5,-1,-1,-1,-1,1,564.1521,406.273926,-1
0,371,4,-1,-1,-1,-1,1,237.540497,561.096741,-1
0,371,3,-1,-1,-1,-1,1,760.008423,592.675842,-1
0,371,2,-1,-1,-1,-1,1,652.459656,258.280243,-1
0,372,45,-1,-1,-1,-1,1,842.590454,536.519897,-1
0,372,44,-1,-1,-1,-1,1,730.255005,89.518776,-1
0,372,43,-1,-1,-1,-1,1,732.076355,556.856506,-1
0,372,42,-1,-1,-1,-1,1,760.084717,616.575928,-1
0,372,41,-1,-1,-1,-1,1,68.824188,462.2034,-1
0,372,40,-1,-1,-1,-1,1,220.474304,157.771683,-1
0,372,38,-1,-1,-1,-1,1,453.102539,475.016632,-1
0,372,37,-1,-1,-1,-1,1,222.511185,324.74707,-1
0,372,36,-1,-1,-1,-1,1,118.322433,413.715912,-1
0,372,35,-1,-1,-1,-1,1,509.721222,200.708923,-1
0,372,34,-1,-1,-1,-1,1,744.79895,501.753662,-1
0,372,33,-1,-1,-1,-1,1,488.175385,116.988693,-1
0,372,32,-1,-1,-1,-1,1,293.362396,565.304138,-1
0,372,31,-1,-1,-1,-1,1,160.202667,617.715454,-1
0,372,30,-1,-1,-1,-1,1,573.804565,219.004608,-1
0,372,29,-1,-1,-1,-1,1,690.730713,489.337952,-1
0,372,27,-1,-1,-1,-1,1,565.533936,152.006699,-1
0,372,25,-1,-1,-1,-1,1,143.063599,241.958496,-1
0,372,24,-1,-1,-1,-1,1,638.497131,529.442383,-1
0,372,23,-1,-1,-1,-1,1,694.885193,205.278137,-1
0,372,19,-1,-1,-1,-1,1,322.294922,326.56662,-1
0,372,18,-1,-1,-1,-1,1,870.231262,605.885132,-1
0,372,16,-1,-1,-1,-1,1,298.40097,625.514832,-1
0,372,14,-1,-1,-1,-1,1,360.649048,300.988861,-1
0,372,13,-1,-1,-1,-1,1,873.673706,268.941711,-1
0,372,12,-1,-1,-1,-1,1,697.460144,308.43277,-1
0,372,10,-1,-1,-1,-1,1,870.102966,308.092896,-1
0,372,9,-1,-1,-1,-1,1,845.300049,224.619324,-1
0,372,8,-1,-1,-1,-1,1,86.926414,200.771484,-1
0,372,7,-1,-1,-1,-1,1,352.364685,489.366119,-1
0,372,6,-1,-1,-1,-1,1,329.613068,394.498962,-1
0,372,5,-1,-1,-1,-1,1,538.252014,400.052277,-1
0,372,4,-1,-1,-1,-1,1,260.714844,573.49762,-1
0,372,3,-1,-1,-1,-1,1,799.06665,576.138,-1
0,372,2,-1,-1,-1,-1,1,626.949768,257.976196,-1
0,372,1,-1,-1,-1,-1,1,93.05574,593.162781,-1
0,373,46,-1,-1,-1,-1,1,961.763306,144.676498,-1
0,373,45,-1,-1,-1,-1,1,842.606506,510.149109,-1
0,373,44,-1,-1,-1,-1,1,725.477478,113.199791,-1
0,373,43,-1,-1,-1,-1,1,714.25824,538.205383,-1
0,373,41,-1,-1,-1,-1,1,73.588142,485.206146,-1
0,373,40,-1,-1,-1,-1,1,243.02829,157.096191,-1
0,373,38,-1,-1,-1,-1,1,473.593658,466.885529,-1
0,373,37,-1,-1,-1,-1,1,240.800293,342.420807,-1
0,373,36,-1,-1,-1,-1,1,120.750191,433.948792,-1
0,373,35,-1,-1,-1,-1,1,489.609009,213.098679,-1
0,373,34,-1,-1,-1,-1,1,750.814453,480.78595,-1
0,373,33,-1,-1,-1,-1,1,464.064606,118.126259,-1
0,373,32,-1,-1,-1,-1,1,277.034088,582.569946,-1
0,373,31,-1,-1,-1,-1,1,162.461975,596.829529,-1
0,373,30,-1,-1,-1,-1,1,598.378784,218.130554,-1
0,373,29,-1,-1,-1,-1,1,712.295898,505.571686,-1
0,373,27,-1,-1,-1,-1,1,592.678284,149.555634,-1
0,373,26,-1,-1,-1,-1,1,214.775192,362.852783,-1
0,373,25,-1,-1,-1,-1,1,130.835724,262.740082,-1
0,373,24,-1,-1,-1,-1,1,672.075562,501.737335,-1
0,373,23,-1,-1,-1,-1,1,704.514343,184.469467,-1
0,373,19,-1,-1,-1,-1,1,305.826111,307.087097,-1
0,373,18,-1,-1,-1,-1,1,854.240356,588.490967,-1
0,373,17,-1,-1,-1,-1,1,662.772034,529.020386,-1
0,373,14,-1,-1,-1,-1,1,385.260193,300.49234,-1
0,373,13,-1,-1,-1,-1,1,896.533508,308.706055,-1
0,373,12,-1,-1,-1,-1,1,717.872864,320.927582,-1
0,373,10,-1,-1,-1,-1,1,853.789368,280.510406,-1
0,373,9,-1,-1,-1,-1,1,869.311523,222.066925,-1
0,373,8,-1,-1,-1,-1,1,65.470406,186.407562,-1
0,373,7,-1,-1,-1,-1,1,326.608734,492.783112,-1
0,373,6,-1,-1,-1,-1,1,309.265625,405.94809,-1
0,373,5,-1,-1,-1,-1,1,513.483948,393.215118,-1
0,373,4,-1,-1,-1,-1,1,269.720001,553.591858,-1
0,373,3,-1,-1,-1,-1,1,799.994812,601.26062,-1
0,373,2,-1,-1,-1,-1,1,602.840393,257.035858,-1
0,373,1,-1,-1,-1,-1,1,90.049149,573.615601,-1
0,374,46,-1,-1,-1,-1,1,937.854736,140.752686,-1
0,374,45,-1,-1,-1,-1,1,842.699036,486.770172,-1
0,374,44,-1,-1,-1,-1,1,720.705078,137.500778,-1
0,374,43,-1,-1,-1,-1,1,701.219177,518.021667,-1
0,374,42,-1,-1,-1,-1,1,800.656738,624.817871,-1
0,374,41,-1,-1,-1,-1,1,93.459557,544.741943,-1
0,374,40,-1,-1,-1,-1,1,266.91983,155.037109,-1
0,374,38,-1,-1,-1,-1,1,494.174835,455.857086,-1
0,374,37,-1,-1,-1,-1,1,257.013763,360.408905,-1
0,374,36,-1,-1,-1,-1,1,122.167702,456.427856,-1
0,374,35,-1,-1,-1,-1,1,469.229828,226.939331,-1
0,374,34,-1,-1,-1,-1,1,758.580383,457.037689,-1
0,374,33,-1,-1,-1,-1,1,438.572845,119.702148,-1
0,374,32,-1,-1,-1,-1,1,248.820847,541.417419,-1
0,374,31,-1,-1,-1,-1,1,166.074402,570.16217,-1
0,374,30,-1,-1,-1,-1,1,621.160522,216.094742,-1
0,374,29,-1,-1,-1,-1,1,730.089294,518.509888,-1
0,374,27,-1,-1,-1,-1,1,614.587524,148.008316,-1
0,374,26,-1,-1,-1,-1,1,210.579651,388.814362,-1
0,374,25,-1,-1,-1,-1,1,120.473747,284.451233,-1
0,374,24,-1,-1,-1,-1,1,648.47168,508.172424,-1
0,374,23,-1,-1,-1,-1,1,709.796875,161.045013,-1
0,374,19,-1,-1,-1,-1,1,290.378937,290.809692,-1
0,374,16,-1,-1,-1,-1,1,254.494675,617.661377,-1
0,374,14,-1,-1,-1,-1,1,408.652924,297.660675,-1
0,374,13,-1,-1,-1,-1,1,833.371155,293.145599,-1
0,374,12,-1,-1,-1,-1,1,737.328735,334.394562,-1
0,374,10,-1,-1,-1,-1,1,920.288147,302.196808,-1
0,374,9,-1,-1,-1,-1,1,890.045715,221.037079,-1
0,374,8,-1,-1,-1,-1,1,42.850071,169.290344,-1
0,374,7,-1,-1,-1,-1,1,301.926819,496.527527,-1
0,374,6,-1,-1,-1,-1,1,286.026245,414.797913,-1
0,374,5,-1,-1,-1,-1,1,492.520813,384.829224,-1
0,374,4,-1,-1,-1,-1,1,293.035675,598.356506,-1
0,374,3,-1,-1,-1,-1,1,837.29187,568.255615,-1
0,374,2,-1,-1,-1,-1,1,580.44397,256.400879,-1
0,375,46,-1,-1,-1,-1,1,913.134155,141.962555,-1
0,375,45,-1,-1,-1,-1,1,842.714172,461.908081,-1
0,375,44,-1,-1,-1,-1,1,713.973267,161.170273,-1
0,375,43,-1,-1,-1,-1,1,706.546265,533.695862,-1
0,375,41,-1,-1,-1,-1,1,92.50293,522.139771,-1
0,375,40,-1,-1,-1,-1,1,290.903809,154.672211,-1
0,375,38,-1,-1,-1,-1,1,517.43573,446.50415,-1
0,375,37,-1,-1,-1,-1,1,272.084503,374.521179,-1
0,375,36,-1,-1,-1,-1,1,126.52182,477.201874,-1
0,375,35,-1,-1,-1,-1,1,449.852539,241.013138,-1
0,375,34,-1,-1,-1,-1,1,765.381836,434.902161,-1
0,375,33,-1,-1,-1,-1,1,415.984955,120.882141,-1
0,375,32,-1,-1,-1,-1,1,227.020996,526.463196,-1
0,375,31,-1,-1,-1,-1,1,169.080017,545.489746,-1
0,375,30,-1,-1,-1,-1,1,646.393799,215.142319,-1
0,375,29,-1,-1,-1,-1,1,748.388855,535.004272,-1
0,375,27,-1,-1,-1,-1,1,640.238953,146.397949,-1
0,375,26,-1,-1,-1,-1,1,204.415451,410.924957,-1
0,375,25,-1,-1,-1,-1,1,108.164162,305.450256,-1
0,375,24,-1,-1,-1,-1,1,681.536316,512.356201,-1
0,375,23,-1,-1,-1,-1,1,717.198425,137.40799,-1
0,375,21,-1,-1,-1,-1,1,369.191071,625.212097,-1
0,375,19,-1,-1,-1,-1,1,273.984863,272.486786,-1
0,375,17,-1,-1,-1,-1,1,625.676636,509.837494,-1
0,375,16,-1,-1,-1,-1,1,277.888947,612.734192,-1
0,375,14,-1,-1,-1,-1,1,430.888275,296.575287,-1
0,375,13,-1,-1,-1,-1,1,812.332825,305.473053,-1
0,375,12,-1,-1,-1,-1,1,756.435486,348.183258,-1
0,375,11,-1,-1,-1,-1,1,754.101379,12.987603,-1
0,375,10,-1,-1,-1,-1,1,941.200684,300.920135,-1
0,375,9,-1,-1,-1,-1,1,914.367981,221.607193,-1
0,375,8,-1,-1,-1,-1,1,22.21632,173.434128,-1
0,375,7,-1,-1,-1,-1,1,278.737396,500.146088,-1
0,375,6,-1,-1,-1,-1,1,273.966156,432.477875,-1
0,375,5,-1,-1,-1,-1,1,468.825409,378.561584,-1
0,375,4,-1,-1,-1,-1,1,296.79953,605.424927,-1
0,375,3,-1,-1,-1,-1,1,822.426575,549.712402,-1
0,375,2,-1,-1,-1,-1,1,556.180786,256.11438,-1
0,376,46,-1,-1,-1,-1,1,889.784546,141.68367,-1
0,376,45,-1,-1,-1,-1,1,843.981201,438.616272,-1
0,376,44,-1,-1,-1,-1,1,707.102966,182.851318,-1
0,376,43,-1,-1,-1,-1,1,658.386108,510.307678,-1
0,376,41,-1,-1,-1,-1,1,94.383423,497.711456,-1
0,376,40,-1,-1,-1,-1,1,316.556335,153.25856,-1
0,376,38,-1,-1,-1,-1,1,537.889099,437.649506,-1
0,376,37,-1,-1,-1,-1,1,297.161133,382.461334,-1
0,376,36,-1,-1,-1,-1,1,141.716278,493.820557,-1
0,376,35,-1,-1,-1,-1,1,434.970245,257.849121,-1
0,376,34,-1,-1,-1,-1,1,774.171753,412.505768,-1
0,376,33,-1,-1,-1,-1,1,390.215027,121.818283,-1
0,376,32,-1,-1,-1,-1,1,207.065536,513.45929,-1
0,376,31,-1,-1,-1,-1,1,170.533768,522.03595,-1
0,376,30,-1,-1,-1,-1,1,668.825317,213.916275,-1
0,376,29,-1,-1,-1,-1,1,765.697815,549.313599,-1
0,376,27,-1,-1,-1,-1,1,662.566528,144.778763,-1
0,376,26,-1,-1,-1,-1,1,198.834366,433.954742,-1
0,376,25,-1,-1,-1,-1,1,97.193947,326.127441,-1
0,376,24,-1,-1,-1,-1,1,728.460999,545.41571,-1
0,376,23,-1,-1,-1,-1,1,721.522217,114.538521,-1
0,376,21,-1,-1,-1,-1,1,373.550598,600.947327,-1
0,376,20,-1,-1,-1,-1,1,10.827773,112.767685,-1
0,376,19,-1,-1,-1,-1,1,257.798584,254.638275,-1
0,376,17,-1,-1,-1,-1,1,601.116699,513.778503,-1
0,376,16,-1,-1,-1,-1,1,236.910248,628.823364,-1
0,376,14,-1,-1,-1,-1,1,456.629089,294.11026,-1
0,376,13,-1,-1,-1,-1,1,793.338623,317.710632,-1
0,376,12,-1,-1,-1,-1,1,775.109741,361.28717,-1
0,376,11,-1,-1,-1,-1,1,756.941162,36.78397,-1
0,376,10,-1,-1,-1,-1,1,968.586487,298.347687,-1
0,376,9,-1,-1,-1,-1,1,938.343323,221.693375,-1
0,376,7,-1,-1,-1,-1,1,255.143112,501.40152,-1
0,376,6,-1,-1,-1,-1,1,262.720734,453.867828,-1
0,376,5,-1,-1,-1,-1,1,448.822571,372.892334,-1
0,376,4,-1,-1,-1,-1,1,304.876953,617.477234,-1
0,376,3,-1,-1,-1,-1,1,807.97229,533.712891,-1
0,376,2,-1,-1,-1,-1,1,533.019531,255.148361,-1
0,377,46,-1,-1,-1,-1,1,865.295593,138.938217,-1
0,377,45,-1,-1,-1,-1,1,842.189575,414.732117,-1
0,377,44,-1,-1,-1,-1,1,696.963806,212.849838,-1
0,377,43,-1,-1,-1,-1,1,634.043457,506.91449,-1
0,377,41,-1,-1,-1,-1,1,73.240379,581.035156,-1
0,377,40,-1,-1,-1,-1,1,338.289093,149.905304,-1
0,377,38,-1,-1,-1,-1,1,560.692078,425.874817,-1
0,377,37,-1,-1,-1,-1,1,318.906647,389.306213,-1
0,377,36,-1,-1,-1,-1,1,93.775108,476.849091,-1
0,377,35,-1,-1,-1,-1,1,420.468323,277.166412,-1
0,377,34,-1,-1,-1,-1,1,782.421997,390.073608,-1
0,377,33,-1,-1,-1,-1,1,368.779938,124.699783,-1
0,377,32,-1,-1,-1,-1,1,198.750565,505.813782,-1
0,377,31,-1,-1,-1,-1,1,172.801819,505.259338,-1
0,377,29,-1,-1,-1,-1,1,792.250793,513.57489,-1
0,377,27,-1,-1,-1,-1,1,688.227356,142.997223,-1
0,377,26,-1,-1,-1,-1,1,194.502655,457.25705,-1
0,377,25,-1,-1,-1,-1,1,85.667938,348.421631,-1
0,377,24,-1,-1,-1,-1,1,749.220154,556.818726,-1
0,377,23,-1,-1,-1,-1,1,728.342957,90.519455,-1
0,377,22,-1,-1,-1,-1,1,245.336288,601.972046,-1
0,377,21,-1,-1,-1,-1,1,373.574036,580.756165,-1
0,377,20,-1,-1,-1,-1,1,33.611504,112.996391,-1
0,377,19,-1,-1,-1,-1,1,241.950531,237.20668,-1
0,377,17,-1,-1,-1,-1,1,580.025024,517.237976,-1
0,377,14,-1,-1,-1,-1,1,481.097107,292.202301,-1
0,377,13,-1,-1,-1,-1,1,772.51532,331.021057,-1
0,377,12,-1,-1,-1,-1,1,796.036987,374.888641,-1
0,377,11,-1,-1,-1,-1,1,753.858826,61.508305,-1
0,377,10,-1,-1,-1,-1,1,989.687378,296.92984,-1
0,377,9,-1,-1,-1,-1,1,964.719299,226.718643,-1
0,377,7,-1,-1,-1,-1,1,230.941803,505.913696,-1
0,377,6,-1,-1,-1,-1,1,246.655563,474.172668,-1
0,377,5,-1,-1,-1,-1,1,424.169952,364.954193,-1
0,377,4,-1,-1,-1,-1,1,325.271637,605.356445,-1
0,377,3,-1,-1,-1,-1,1,784.561951,565.479309,-1
0,377,2,-1,-1,-1,-1,1,508.20871,254.582687,-1
0,378,46,-1,-1,-1,-1,1,842.380981,140.411636,-1
0,378,45,-1,-1,-1,-1,1,842.670288,390.464966,-1
0,378,44,-1,-1,-1,-1,1,696.024719,229.990356,-1
0,378,43,-1,-1,-1,-1,1,610.463989,504.136932,-1
0,378,41,-1,-1,-1,-1,1,69.747566,608.610596,-1
0,378,40,-1,-1,-1,-1,1,342.084229,125.267632,-1
0,378,38,-1,-1,-1,-1,1,581.338562,414.999268,-1
0,378,37,-1,-1,-1,-1,1,342.114532,394.345032,-1
0,378,36,-1,-1,-1,-1,1,96.556137,449.576385,-1
0,378,35,-1,-1,-1,-1,1,405.968933,295.993256,-1
0,378,34,-1,-1,-1,-1,1,810.493286,392.163635,-1
0,378,33,-1,-1,-1,-1,1,361.707458,148.203674,-1
0,378,32,-1,-1,-1,-1,1,225.014481,524.851074,-1
0,378,31,-1,-1,-1,-1,1,177.822281,525.646362,-1
0,378,30,-1,-1,-1,-1,1,717.019653,210.831528,-1
0,378,29,-1,-1,-1,-1,1,771.056702,566.397095,-1
0,378,27,-1,-1,-1,-1,1,712.066956,141.482742,-1
0,378,26,-1,-1,-1,-1,1,175.043716,480.413696,-1
0,378,25,-1,-1,-1,-1,1,86.446861,370.632965,-1
0,378,24,-1,-1,-1,-1,1,776.523743,497.055145,-1
0,378,23,-1,-1,-1,-1,1,733.761475,65.666817,-1
0,378,22,-1,-1,-1,-1,1,252.361328,578.443848,-1
0,378,21,-1,-1,-1,-1,1,374.784729,554.456787,-1
0,378,20,-1,-1,-1,-1,1,57.913818,113.254379,-1
0,378,19,-1,-1,-1,-1,1,225.895706,218.968994,-1
0,378,17,-1,-1,-1,-1,1,553.738525,521.505859,-1
0,378,14,-1,-1,-1,-1,1,484.327789,253.833679,-1
0,378,13,-1,-1,-1,-1,1,752.337219,344.718292,-1
0,378,12,-1,-1,-1,-1,1,805.202698,372.431335,-1
0,378,9,-1,-1,-1,-1,1,985.771484,227.006119,-1
0,378,7,-1,-1,-1,-1,1,236.389725,492.698669,-1
0,378,6,-1,-1,-1,-1,1,194.538254,474.13913,-1
0,378,5,-1,-1,-1,-1,1,402.085022,358.296722,-1
0,378,4,-1,-1,-1,-1,1,349.054016,605.230957,-1
0,378,3,-1,-1,-1,-1,1,796.166016,582.621094,-1
0,378,2,-1,-1,-1,-1,1,505.195465,290.879578,-1
0,379,46,-1,-1,-1,-1,1,821.039795,140.446075,-1
0,379,45,-1,-1,-1,-1,1,838.723755,368.296387,-1
0,379,44,-1,-1,-1,-1,1,678.283569,242.897141,-1
0,379,43,-1,-1,-1,-1,1,584.975342,500.793335,-1
0,379,41,-1,-1,-1,-1,1,73.442848,617.84082,-1
0,379,40,-1,-1,-1,-1,1,388.312927,147.069016,-1
0,379,38,-1,-1,-1,-1,1,604.309326,405.611542,-1
0,379,37,-1,-1,-1,-1,1,364.89212,401.678589,-1
0,379,36,-1,-1,-1,-1,1,94.408722,429.317505,-1
0,379,35,-1,-1,-1,-1,1,392.891388,316.221466,-1
0,379,34,-1,-1,-1,-1,1,812.902039,413.481659,-1
0,379,33,-1,-1,-1,-1,1,320.055603,126.613457,-1
0,379,32,-1,-1,-1,-1,1,226.115189,549.734436,-1
0,379,31,-1,-1,-1,-1,1,197.785416,541.482971,-1
0,379,30,-1,-1,-1,-1,1,742.283691,210.10202,-1
0,379,29,-1,-1,-1,-1,1,774.258179,589.221985,-1
0,379,27,-1,-1,-1,-1,1,736.380249,138.787384,-1
0,379,26,-1,-1,-1,-1,1,192.502991,450.771027,-1
0,379,25,-1,-1,-1,-1,1,85.978905,394.601715,-1
0,379,24,-1,-1,-1,-1,1,754.882263,489.28363,-1
0,379,23,-1,-1,-1,-1,1,732.940918,57.249607,-1
0,379,22,-1,-1,-1,-1,1,262.893646,562.099304,-1
0,379,21,-1,-1,-1,-1,1,373.112061,602.332764,-1
0,379,20,-1,-1,-1,-1,1,84.173485,114.146912,-1
0,379,19,-1,-1,-1,-1,1,210.471069,201.840225,-1
0,379,17,-1,-1,-1,-1,1,530.303467,524.301819,-1
0,379,14,-1,-1,-1,-1,1,528.498718,288.343964,-1
0,379,13,-1,-1,-1,-1,1,738.956421,360.197083,-1
0,379,12,-1,-1,-1,-1,1,816.152222,356.537109,-1
0,379,11,-1,-1,-1,-1,1,725.575134,17.827969,-1
0,379,7,-1,-1,-1,-1,1,225.15538,513.580994,-1
0,379,6,-1,-1,-1,-1,1,185.485031,508.633667,-1
0,379,5,-1,-1,-1,-1,1,381.160736,350.442078,-1
0,379,4,-1,-1,-1,-1,1,362.006073,624.917542,-1
0,379,3,-1,-1,-1,-1,1,796.451721,606.074219,-1
0,379,2,-1,-1,-1,-1,1,460.353699,253.67601,-1
0,380,47,-1,-1,-1,-1,1,377.950043,505.521942,-1
0,380,46,-1,-1,-1,-1,1,796.829407,137.630112,-1
0,380,45,-1,-1,-1,-1,1,821.993652,345.971222,-1
0,380,44,-1,-1,-1,-1,1,657.123047,253.262756,-1
0,380,43,-1,-1,-1,-1,1,561.313293,498.120697,-1
0,380,40,-1,-1,-1,-1,1,412.30069,146.392609,-1
0,380,38,-1,-1,-1,-1,1,625.916199,395.151398,-1
0,380,37,-1,-1,-1,-1,1,389.877991,408.655273,-1
0,380,34,-1,-1,-1,-1,1,812.437622,437.267365,-1
0,380,33,-1,-1,-1,-1,1,295.944336,126.902641,-1
0,380,32,-1,-1,-1,-1,1,226.11998,573.543396,-1
0,380,30,-1,-1,-1,-1,1,766.765747,208.070236,-1
0,380,29,-1,-1,-1,-1,1,773.890381,616.38147,-1
0,380,27,-1,-1,-1,-1,1,761.036072,136.989777,-1
0,380,26,-1,-1,-1,-1,1,185.551514,428.355835,-1
0,380,25,-1,-1,-1,-1,1,97.102028,405.454834,-1
0,380,24,-1,-1,-1,-1,1,731.065918,482.683868,-1
0,380,23,-1,-1,-1,-1,1,688.516663,65.561508,-1
0,380,22,-1,-1,-1,-1,1,284.751923,550.045532,-1
0,380,21,-1,-1,-1,-1,1,396.646759,597.964783,-1
0,380,20,-1,-1,-1,-1,1,100.511681,125.851883,-1
0,380,19,-1,-1,-1,-1,1,193.72319,184.323013,-1
0,380,18,-1,-1,-1,-1,1,796.656921,632.706055,-1
0,380,17,-1,-1,-1,-1,1,505.771759,525.900513,-1
0,380,14,-1,-1,-1,-1,1,552.609192,287.042358,-1
0,380,13,-1,-1,-1,-1,1,734.849426,384.81723,-1
0,380,11,-1,-1,-1,-1,1,745.64624,21.704285,-1
0,380,7,-1,-1,-1,-1,1,210.567474,532.916809,-1
0,380,5,-1,-1,-1,-1,1,365.178833,333.043945,-1
0,380,4,-1,-1,-1,-1,1,350.567108,608.805359,-1
0,380,3,-1,-1,-1,-1,1,805.161255,612.925476,-1
0,380,2,-1,-1,-1,-1,1,436.509186,252.738052,-1
0,381,47,-1,-1,-1,-1,1,378.903687,484.15213,-1
0,381,45,-1,-1,-1,-1,1,808.188904,333.981628,-1
0,381,44,-1,-1,-1,-1,1,636.219666,262.99469,-1
0,381,43,-1,-1,-1,-1,1,537.543152,495.05307,-1
0,381,40,-1,-1,-1,-1,1,437.218628,143.965851,-1
0,381,38,-1,-1,-1,-1,1,647.985107,385.387543,-1
0,381,37,-1,-1,-1,-1,1,409.915741,414.836456,-1
0,381,36,-1,-1,-1,-1,1,86.315247,443.076599,-1
0,381,35,-1,-1,-1,-1,1,348.698425,314.745789,-1
0,381,34,-1,-1,-1,-1,1,812.790955,461.956055,-1
0,381,33,-1,-1,-1,-1,1,270.803864,127.958511,-1
0,381,32,-1,-1,-1,-1,1,225.164047,598.184509,-1
0,381,31,-1,-1,-1,-1,1,236.828156,561.998779,-1
0,381,30,-1,-1,-1,-1,1,788.799438,206.40271,-1
0,381,29,-1,-1,-1,-1,1,790.838501,594.389221,-1
0,381,27,-1,-1,-1,-1,1,785.234192,138.336975,-1
0,381,26,-1,-1,-1,-1,1,185.847305,405.483948,-1
0,381,25,-1,-1,-1,-1,1,102.460136,381.270966,-1
0,381,24,-1,-1,-1,-1,1,709.218567,476.315826,-1
0,381,23,-1,-1,-1,-1,1,709.148804,68.770889,-1
0,381,22,-1,-1,-1,-1,1,305.795471,542.234741,-1
0,381,21,-1,-1,-1,-1,1,420.448486,597.111877,-1
0,381,20,-1,-1,-1,-1,1,116.98111,145.417145,-1
0,381,19,-1,-1,-1,-1,1,177.338928,165.673477,-1
0,381,17,-1,-1,-1,-1,1,482.222015,530.390015,-1
0,381,14,-1,-1,-1,-1,1,576.59613,285.539764,-1
0,381,13,-1,-1,-1,-1,1,730.941162,408.214111,-1
0,381,12,-1,-1,-1,-1,1,849.083679,321.250793,-1
0,381,7,-1,-1,-1,-1,1,206.192444,554.648743,-1
0,381,6,-1,-1,-1,-1,1,172.934723,565.594849,-1
0,381,5,-1,-1,-1,-1,1,364.389893,353.528961,-1
0,381,4,-1,-1,-1,-1,1,332.944794,590.318237,-1
0,381,2,-1,-1,-1,-1,1,412.139374,252.59819,-1
0,382,48,-1,-1,-1,-1,1,640.630005,69.045715,-1
0,382,47,-1,-1,-1,-1,1,390.633392,463.883636,-1
0,382,46,-1,-1,-1,-1,1,746.618103,137.373291,-1
0,382,45,-1,-1,-1,-1,1,790.508911,312.925385,-1
0,382,43,-1,-1,-1,-1,1,514.260193,493.131287,-1
0,382,40,-1,-1,-1,-1,1,458.983215,143.255219,-1
0,382,38,-1,-1,-1,-1,1,669.988586,375.968292,-1
0,382,37,-1,-1,-1,-1,1,433.668335,421.692993,-1
0,382,36,-1,-1,-1,-1,1,88.643967,466.704742,-1
0,382,35,-1,-1,-1,-1,1,332.944977,297.758728,-1
0,382,33,-1,-1,-1,-1,1,248.385437,129.964523,-1
0,382,32,-1,-1,-1,-1,1,227.024292,618.143188,-1
0,382,31,-1,-1,-1,-1,1,257.473022,574.177979,-1
0,382,30,-1,-1,-1,-1,1,812.789978,205.167496,-1
0,382,29,-1,-1,-1,-1,1,775.049011,574.689941,-1
0,382,27,-1,-1,-1,-1,1,784.932007,114.253334,-1
0,382,26,-1,-1,-1,-1,1,185.532867,378.400574,-1
0,382,25,-1,-1,-1,-1,1,110.276672,357.843597,-1
0,382,24,-1,-1,-1,-1,1,813.055237,485.322144,-1
0,382,23,-1,-1,-1,-1,1,708.456177,90.752258,-1
0,382,22,-1,-1,-1,-1,1,329.159424,534.016052,-1
0,382,21,-1,-1,-1,-1,1,445.292267,594.56311,-1
0,382,20,-1,-1,-1,-1,1,132.798996,161.133011,-1
0,382,19,-1,-1,-1,-1,1,161.005005,146.910736,-1
0,382,17,-1,-1,-1,-1,1,458.313477,532.371094,-1
0,382,14,-1,-1,-1,-1,1,612.872253,272.629974,-1
0,382,13,-1,-1,-1,-1,1,727.070496,432.006897,-1
0,382,12,-1,-1,-1,-1,1,866.590576,305.72937,-1
0,382,7,-1,-1,-1,-1,1,202.761398,581.068237,-1
0,382,6,-1,-1,-1,-1,1,165.928467,576.60614,-1
0,382,5,-1,-1,-1,-1,1,349.373352,372.80307,-1
0,382,4,-1,-1,-1,-1,1,316.716919,577.041565,-1
0,382,2,-1,-1,-1,-1,1,388.325653,251.239014,-1
0,383,49,-1,-1,-1,-1,1,664.127991,462.927673,-1
0,383,48,-1,-1,-1,-1,1,616.534363,69.206734,-1
0,383,47,-1,-1,-1,-1,1,401.155975,442.40921,-1
0,383,46,-1,-1,-1,-1,1,720.941284,135.92157,-1
0,383,45,-1,-1,-1,-1,1,777.005371,296.649536,-1
0,383,44,-1,-1,-1,-1,1,624.127441,281.576263,-1
0,383,43,-1,-1,-1,-1,1,489.949371,490.3479,-1
0,383,40,-1,-1,-1,-1,1,484.266266,141.478821,-1
0,383,38,-1,-1,-1,-1,1,689.744019,364.411499,-1
0,383,37,-1,-1,-1,-1,1,457.399475,429.702728,-1
0,383,36,-1,-1,-1,-1,1,89.139786,488.486908,-1
0,383,35,-1,-1,-1,-1,1,317.177399,280.263641,-1
0,383,33,-1,-1,-1,-1,1,222.853699,130.57515,-1
0,383,32,-1,-1,-1,-1,1,201.574707,597.733704,-1
0,383,31,-1,-1,-1,-1,1,274.82196,586.087769,-1
0,383,30,-1,-1,-1,-1,1,837.416443,202.96907,-1
0,383,29,-1,-1,-1,-1,1,761.021118,557.314514,-1
0,383,27,-1,-1,-1,-1,1,788.147034,93.726479,-1
0,383,26,-1,-1,-1,-1,1,189.449844,353.609924,-1
0,383,25,-1,-1,-1,-1,1,116.644585,333.794342,-1
0,383,24,-1,-1,-1,-1,1,814.108459,509.481842,-1
0,383,23,-1,-1,-1,-1,1,702.3573,114.918892,-1
0,383,22,-1,-1,-1,-1,1,297.711151,558.138855,-1
0,383,21,-1,-1,-1,-1,1,469.446381,590.555054,-1
0,383,20,-1,-1,-1,-1,1,141.894012,132.36647,-1
0,383,19,-1,-1,-1,-1,1,148.468246,176.774872,-1
0,383,17,-1,-1,-1,-1,1,434.408966,536.04071,-1
0,383,14,-1,-1,-1,-1,1,591.269653,282.95578,-1
0,383,13,-1,-1,-1,-1,1,722.47113,455.999329,-1
0,383,12,-1,-1,-1,-1,1,884.793579,290.018524,-1
0,383,6,-1,-1,-1,-1,1,162.166,597.746826,-1
0,383,5,-1,-1,-1,-1,1,334.033112,393.330566,-1
0,383,2,-1,-1,-1,-1,1,364.366943,250.998459,-1
0,384,50,-1,-1,-1,-1,1,372.274994,513.301941,-1
0,384,49,-1,-1,-1,-1,1,638.722656,456.395081,-1
0,384,48,-1,-1,-1,-1,1,592.653992,70.61805,-1
0,384,47,-1,-1,-1,-1,1,413.313293,420.270477,-1
0,384,46,-1,-1,-1,-1,1,698.496399,137.198273,-1
0,384,45,-1,-1,-1,-1,1,760.776672,278.465088,-1
0,384,44,-1,-1,-1,-1,1,570.167053,292.788605,-1
0,384,43,-1,-1,-1,-1,1,466.198303,486.875793,-1
0,384,40,-1,-1,-1,-1,1,506.412994,138.562958,-1
0,384,38,-1,-1,-1,-1,1,698.897705,342.978699,-1
0,384,37,-1,-1,-1,-1,1,481.184845,434.513763,-1
0,384,36,-1,-1,-1,-1,1,89.015167,512.82843,-1
0,384,35,-1,-1,-1,-1,1,300.808838,260.777527,-1
0,384,33,-1,-1,-1,-1,1,202.053589,133.999466,-1
0,384,32,-1,-1,-1,-1,1,197.647461,633.288025,-1
0,384,31,-1,-1,-1,-1,1,280.791565,610.059814,-1
0,384,30,-1,-1,-1,-1,1,860.334717,202.687378,-1
0,384,29,-1,-1,-1,-1,1,746.287354,537.562805,-1
0,384,27,-1,-1,-1,-1,1,788.839661,66.309998,-1
0,384,26,-1,-1,-1,-1,1,193.50856,333.991028,-1
0,384,25,-1,-1,-1,-1,1,125.29805,312.19519,-1
0,384,24,-1,-1,-1,-1,1,814.299561,532.57959,-1
0,384,22,-1,-1,-1,-1,1,281.362976,546.890747,-1
0,384,21,-1,-1,-1,-1,1,492.326447,588.816162,-1
0,384,19,-1,-1,-1,-1,1,164.21077,194.493408,-1
0,384,17,-1,-1,-1,-1,1,413.021545,540.568726,-1
0,384,16,-1,-1,-1,-1,1,236.229767,629.734375,-1
0,384,14,-1,-1,-1,-1,1,646.074158,284.075165,-1
0,384,13,-1,-1,-1,-1,1,718.360718,478.759857,-1
0,384,12,-1,-1,-1,-1,1,905.734131,285.314514,-1
0,384,6,-1,-1,-1,-1,1,154.644516,621.403015,-1
0,384,5,-1,-1,-1,-1,1,328.065338,413.78598,-1
0,384,2,-1,-1,-1,-1,1,340.273224,249.796463,-1
0,385,50,-1,-1,-1,-1,1,394.174774,502.385803,-1
0,385,49,-1,-1,-1,-1,1,616.781982,449.394989,-1
0,385,48,-1,-1,-1,-1,1,568.462097,72.364914,-1
0,385,47,-1,-1,-1,-1,1,424.974579,398.488373,-1
0,385,46,-1,-1,-1,-1,1,676.356995,134.080643,-1
0,385,45,-1,-1,-1,-1,1,744.83313,259.221039,-1
0,385,44,-1,-1,-1,-1,1,548.194397,304.123749,-1
0,385,43,-1,-1,-1,-1,1,442.53241,485.074188,-1
0,385,40,-1,-1,-1,-1,1,530.673889,137.356262,-1
0,385,38,-1,-1,-1,-1,1,710.065613,321.778595,-1
0,385,37,-1,-1,-1,-1,1,502.690796,442.111572,-1
0,385,36,-1,-1,-1,-1,1,81.97438,541.373596,-1
0,385,35,-1,-1,-1,-1,1,284.844818,245.22728,-1
0,385,33,-1,-1,-1,-1,1,190.599594,154.018829,-1
0,385,31,-1,-1,-1,-1,1,234.421051,605.118774,-1
0,385,30,-1,-1,-1,-1,1,884.728821,202.078079,-1
0,385,29,-1,-1,-1,-1,1,814.893921,556.385559,-1
0,385,26,-1,-1,-1,-1,1,176.898117,308.533386,-1
0,385,25,-1,-1,-1,-1,1,132.155746,289.082794,-1
0,385,23,-1,-1,-1,-1,1,690.382751,162.534271,-1
0,385,22,-1,-1,-1,-1,1,259.179749,532.693237,-1
0,385,21,-1,-1,-1,-1,1,514.692017,589.966309,-1
0,385,19,-1,-1,-1,-1,1,97.155258,130.081467,-1
0,385,17,-1,-1,-1,-1,1,387.022552,543.943481,-1
0,385,16,-1,-1,-1,-1,1,286.674774,634.468323,-1
0,385,14,-1,-1,-1,-1,1,665.938232,297.376862,-1
0,385,13,-1,-1,-1,-1,1,696.647156,485.596283,-1
0,385,12,-1,-1,-1,-1,1,928.631897,282.148254,-1
0,385,11,-1,-1,-1,-1,1,788.519592,44.959141,-1
0,385,8,-1,-1,-1,-1,1,9.947243,137.736176,-1
0,385,5,-1,-1,-1,-1,1,324.248901,437.79892,-1
0,385,2,-1,-1,-1,-1,1,316.337585,249.638031,-1
0,386,52,-1,-1,-1,-1,1,197.477676,230.498093,-1
0,386,51,-1,-1,-1,-1,1,716.094788,501.77832,-1
0,386,49,-1,-1,-1,-1,1,593.700867,442.934631,-1
0,386,48,-1,-1,-1,-1,1,544.105652,72.886948,-1
0,386,47,-1,-1,-1,-1,1,436.492371,377.65329,-1
0,386,46,-1,-1,-1,-1,1,652.772339,133.542679,-1
0,386,45,-1,-1,-1,-1,1,729.280212,241.528473,-1
0,386,44,-1,-1,-1,-1,1,526.68866,312.917419,-1
0,386,43,-1,-1,-1,-1,1,417.31076,481.607025,-1
0,386,40,-1,-1,-1,-1,1,554.01709,136.117126,-1
0,386,38,-1,-1,-1,-1,1,720.606567,300.871948,-1
0,386,37,-1,-1,-1,-1,1,526.009644,449.222504,-1
0,386,35,-1,-1,-1,-1,1,292.41394,250.19252,-1
0,386,33,-1,-1,-1,-1,1,180.493011,177.255356,-1
0,386,31,-1,-1,-1,-1,1,234.568512,578.288086,-1
0,386,30,-1,-1,-1,-1,1,908.96759,205.268799,-1
0,386,29,-1,-1,-1,-1,1,814.529114,581.63446,-1
0,386,26,-1,-1,-1,-1,1,173.969269,286.120117,-1
0,386,25,-1,-1,-1,-1,1,139.951599,265.365692,-1
0,386,23,-1,-1,-1,-1,1,686.305481,184.874832,-1
0,386,22,-1,-1,-1,-1,1,240.143295,521.529785,-1
0,386,21,-1,-1,-1,-1,1,540.44397,584.671753,-1
0,386,19,-1,-1,-1,-1,1,73.420311,129.427032,-1
0,386,17,-1,-1,-1,-1,1,364.712036,545.841125,-1
0,386,14,-1,-1,-1,-1,1,685.019165,310.656128,-1
0,386,13,-1,-1,-1,-1,1,672.854004,489.031403,-1
0,386,12,-1,-1,-1,-1,1,953.134338,280.278137,-1
0,386,11,-1,-1,-1,-1,1,788.583862,20.760313,-1
0,386,8,-1,-1,-1,-1,1,33.53883,137.433533,-1
0,386,7,-1,-1,-1,-1,1,81.876694,565.652649,-1
0,386,4,-1,-1,-1,-1,1,362.538239,634.256592,-1
0,386,3,-1,-1,-1,-1,1,856.065002,624.799438,-1
0,386,2,-1,-1,-1,-1,1,269.526306,226.036041,-1
0,387,55,-1,-1,-1,-1,1,50.063423,224.880478,-1
0,387,54,-1,-1,-1,-1,1,201.141159,261.91864,-1
0,387,53,-1,-1,-1,-1,1,315.047668,484.381256,-1
0,387,52,-1,-1,-1,-1,1,214.121109,246.403976,-1
0,387,51,-1,-1,-1,-1,1,692.936829,499.105103,-1
0,387,50,-1,-1,-1,-1,1,437.692719,481.52533,-1
0,387,49,-1,-1,-1,-1,1,570.357544,434.819763,-1
0,387,48,-1,-1,-1,-1,1,518.738586,74.787544,-1
0,387,47,-1,-1,-1,-1,1,446.796448,356.51181,-1
0,387,46,-1,-1,-1,-1,1,625.218567,134.278351,-1
0,387,45,-1,-1,-1,-1,1,713.864502,222.811325,-1
0,387,44,-1,-1,-1,-1,1,505.187134,323.136963,-1
0,387,43,-1,-1,-1,-1,1,394.765442,480.217438,-1
0,387,40,-1,-1,-1,-1,1,578.064453,134.527283,-1
0,387,38,-1,-1,-1,-1,1,706.038025,324.766052,-1
0,387,37,-1,-1,-1,-1,1,549.289856,457.197327,-1
0,387,35,-1,-1,-1,-1,1,268.464142,249.525223,-1
0,387,33,-1,-1,-1,-1,1,165.959778,197.087936,-1
0,387,31,-1,-1,-1,-1,1,240.520416,560.243469,-1
0,387,30,-1,-1,-1,-1,1,933.617737,205.383484,-1
0,387,29,-1,-1,-1,-1,1,815.834412,605.748596,-1
0,387,26,-1,-1,-1,-1,1,170.580719,261.6651,-1
0,387,25,-1,-1,-1,-1,1,146.047531,237.5681,-1
0,387,23,-1,-1,-1,-1,1,680.777588,208.807343,-1
0,387,22,-1,-1,-1,-1,1,220.819504,509.258179,-1
0,387,21,-1,-1,-1,-1,1,564.231018,582.846924,-1
0,387,19,-1,-1,-1,-1,1,53.950462,133.595428,-1
0,387,17,-1,-1,-1,-1,1,341.329468,549.1521,-1
0,387,14,-1,-1,-1,-1,1,728.644836,278.424133,-1
0,387,13,-1,-1,-1,-1,1,649.93457,492.352814,-1
0,387,12,-1,-1,-1,-1,1,976.989014,278.696716,-1
0,387,9,-1,-1,-1,-1,1,977.481079,236.979477,-1
0,387,7,-1,-1,-1,-1,1,85.387077,585.420532,-1
0,387,4,-1,-1,-1,-1,1,368.929932,609.874146,-1
0,387,3,-1,-1,-1,-1,1,856.217163,600.953735,-1
0,387,2,-1,-1,-1,-1,1,253.068253,208.056229,-1
0,388,54,-1,-1,-1,-1,1,206.52034,244.36908,-1
0,388,53,-1,-1,-1,-1,1,310.040985,508.188263,-1
0,388,52,-1,-1,-1,-1,1,229.272797,265.146667,-1
0,388,51,-1,-1,-1,-1,1,668.301025,497.461273,-1
0,388,50,-1,-1,-1,-1,1,460.152039,472.60202,-1
0,388,49,-1,-1,-1,-1,1,548.743958,428.643799,-1
0,388,48,-1,-1,-1,-1,1,496.849182,74.903801,-1
0,388,47,-1,-1,-1,-1,1,460.225494,336.473572,-1
0,388,46,-1,-1,-1,-1,1,602.238708,132.833023,-1
0,388,45,-1,-1,-1,-1,1,698.777893,205.444046,-1
0,388,44,-1,-1,-1,-1,1,484.966919,334.090179,-1
0,388,43,-1,-1,-1,-1,1,373.93338,480.934845,-1
0,388,38,-1,-1,-1,-1,1,725.527405,338.581451,-1
0,388,37,-1,-1,-1,-1,1,572.482605,462.428314,-1
0,388,36,-1,-1,-1,-1,1,85.50499,609.86792,-1
0,388,35,-1,-1,-1,-1,1,244.74118,249.242126,-1
0,388,33,-1,-1,-1,-1,1,153.824799,220.859879,-1
0,388,31,-1,-1,-1,-1,1,262.12088,561.307251,-1
0,388,30,-1,-1,-1,-1,1,956.911621,208.421768,-1
0,388,29,-1,-1,-1,-1,1,856.322449,576.506897,-1
0,388,25,-1,-1,-1,-1,1,158.110687,245.351944,-1
0,388,23,-1,-1,-1,-1,1,674.841492,230.50029,-1
0,388,22,-1,-1,-1,-1,1,205.447891,494.591339,-1
0,388,21,-1,-1,-1,-1,1,589.068542,580.710327,-1
0,388,20,-1,-1,-1,-1,1,78.384483,137.492035,-1
0,388,19,-1,-1,-1,-1,1,26.492134,128.766327,-1
0,388,18,-1,-1,-1,-1,1,815.845886,629.587402,-1
0,388,17,-1,-1,-1,-1,1,317.644592,553.825439,-1
0,388,14,-1,-1,-1,-1,1,741.804993,256.137909,-1
0,388,13,-1,-1,-1,-1,1,625.950562,495.849091,-1
0,388,12,-1,-1,-1,-1,1,994.258911,274.59848,-1
0,388,4,-1,-1,-1,-1,1,369.500702,584.979309,-1
0,388,2,-1,-1,-1,-1,1,237.147018,190.193054,-1
0,389,55,-1,-1,-1,-1,1,142.157974,237.447662,-1
0,389,54,-1,-1,-1,-1,1,229.033615,242.807846,-1
0,389,53,-1,-1,-1,-1,1,309.227203,533.210938,-1
0,389,52,-1,-1,-1,-1,1,246.158752,282.90271,-1
0,389,51,-1,-1,-1,-1,1,644.703613,494.04538,-1
0,389,50,-1,-1,-1,-1,1,480.552826,460.976898,-1
0,389,49,-1,-1,-1,-1,1,525.516113,420.915497,-1
0,389,48,-1,-1,-1,-1,1,472.352478,77.167267,-1
0,389,47,-1,-1,-1,-1,1,472.52182,316.579498,-1
0,389,46,-1,-1,-1,-1,1,585.221008,146.212753,-1
0,389,45,-1,-1,-1,-1,1,668.991577,254.870956,-1
0,389,44,-1,-1,-1,-1,1,458.669495,343.998566,-1
0,389,43,-1,-1,-1,-1,1,361.183533,502.429596,-1
0,389,40,-1,-1,-1,-1,1,628.461365,130.969055,-1
0,389,38,-1,-1,-1,-1,1,745.086792,352.03653,-1
0,389,37,-1,-1,-1,-1,1,596.976318,469.176147,-1
0,389,36,-1,-1,-1,-1,1,85.528069,633.690918,-1
0,389,33,-1,-1,-1,-1,1,160.397797,198.108551,-1
0,389,30,-1,-1,-1,-1,1,977.705872,209.665039,-1
0,389,29,-1,-1,-1,-1,1,856.183472,553.365173,-1
0,389,23,-1,-1,-1,-1,1,676.850098,200.435654,-1
0,389,22,-1,-1,-1,-1,1,202.764481,470.049225,-1
0,389,21,-1,-1,-1,-1,1,612.40155,577.327637,-1
0,389,20,-1,-1,-1,-1,1,93.600655,149.564285,-1
0,389,19,-1,-1,-1,-1,1,5.204614,129.343063,-1
0,389,17,-1,-1,-1,-1,1,292.979401,553.37439,-1
0,389,14,-1,-1,-1,-1,1,750.61853,233.605682,-1
0,389,13,-1,-1,-1,-1,1,601.865967,498.157715,-1
0,389,9,-1,-1,-1,-1,1,929.796631,241.051361,-1
0,389,4,-1,-1,-1,-1,1,373.04953,565.826599,-1
0,389,2,-1,-1,-1,-1,1,221.34848,173.557175,-1
0,390,54,-1,-1,-1,-1,1,256.530731,240.088043,-1
0,390,53,-1,-1,-1,-1,1,304.703217,556.894348,-1
0,390,52,-1,-1,-1,-1,1,262.220032,300.550262,-1
0,390,51,-1,-1,-1,-1,1,620.507935,474.804291,-1
0,390,50,-1,-1,-1,-1,1,502.15741,452.08313,-1
0,390,49,-1,-1,-1,-1,1,501.752075,414.397156,-1
0,390,48,-1,-1,-1,-1,1,448.587219,78.093216,-1
0,390,47,-1,-1,-1,-1,1,485.944794,297.397369,-1
0,390,46,-1,-1,-1,-1,1,566.30719,160.383423,-1
0,390,45,-1,-1,-1,-1,1,662.910583,278.249451,-1
0,390,44,-1,-1,-1,-1,1,441.730591,353.532257,-1
0,390,43,-1,-1,-1,-1,1,346.122467,521.309692,-1
0,390,40,-1,-1,-1,-1,1,650.262573,129.90892,-1
0,390,38,-1,-1,-1,-1,1,764.944214,366.378784,-1
0,390,37,-1,-1,-1,-1,1,578.316711,501.10437,-1
0,390,35,-1,-1,-1,-1,1,220.950272,280.054993,-1
0,390,33,-1,-1,-1,-1,1,113.080292,170.414078,-1
0,390,31,-1,-1,-1,-1,1,269.387695,560.612915,-1
0,390,25,-1,-1,-1,-1,1,133.027374,257.732239,-1
0,390,24,-1,-1,-1,-1,1,856.186462,528.802124,-1
0,390,23,-1,-1,-1,-1,1,653.140808,199.084183,-1
0,390,21,-1,-1,-1,-1,1,636.436218,574.862732,-1
0,390,14,-1,-1,-1,-1,1,762.716675,213.479126,-1
0,390,9,-1,-1,-1,-1,1,948.616394,205.977463,-1
0,390,5,-1,-1,-1,-1,1,200.271667,446.311371,-1
0,390,4,-1,-1,-1,-1,1,398.630859,564.435669,-1
0,390,2,-1,-1,-1,-1,1,206.234573,156.62471,-1
0,391,57,-1,-1,-1,-1,1,188.146118,138.598282,-1
0,391,56,-1,-1,-1,-1,1,884.407715,246.149506,-1
0,391,55,-1,-1,-1,-1,1,128.706772,189.805115,-1
0,391,54,-1,-1,-1,-1,1,280.204041,238.82309,-1
0,391,53,-1,-1,-1,-1,1,297.69455,578.276001,-1
0,391,52,-1,-1,-1,-1,1,277.921265,316.200775,-1
0,391,51,-1,-1,-1,-1,1,595.090698,488.306091,-1
0,391,50,-1,-1,-1,-1,1,524.22168,440.88327,-1
0,391,49,-1,-1,-1,-1,1,478.418701,408.098236,-1
0,391,48,-1,-1,-1,-1,1,425.003479,78.755692,-1
0,391,47,-1,-1,-1,-1,1,501.184845,278.356415,-1
0,391,46,-1,-1,-1,-1,1,545.883728,173.667908,-1
0,391,45,-1,-1,-1,-1,1,653.058899,296.34491,-1
0,391,44,-1,-1,-1,-1,1,417.348938,364.943542,-1
0,391,43,-1,-1,-1,-1,1,334.624695,545.3479,-1
0,391,40,-1,-1,-1,-1,1,674.02002,129.167923,-1
0,391,38,-1,-1,-1,-1,1,784.341797,378.418549,-1
0,391,37,-1,-1,-1,-1,1,642.089172,482.919556,-1
0,391,35,-1,-1,-1,-1,1,216.251236,304.529877,-1
0,391,33,-1,-1,-1,-1,1,97.954468,208.929916,-1
0,391,31,-1,-1,-1,-1,1,268.852539,584.437256,-1
0,391,26,-1,-1,-1,-1,1,122.077637,282.320526,-1
0,391,25,-1,-1,-1,-1,1,126.10466,258.197632,-1
0,391,24,-1,-1,-1,-1,1,855.890015,504.943573,-1
0,391,23,-1,-1,-1,-1,1,629.231873,197.684814,-1
0,391,21,-1,-1,-1,-1,1,658.945984,573.314514,-1
0,391,17,-1,-1,-1,-1,1,230.051895,617.305237,-1
0,391,14,-1,-1,-1,-1,1,766.320007,190.020126,-1
0,391,13,-1,-1,-1,-1,1,554.584778,505.14035,-1
0,391,9,-1,-1,-1,-1,1,925.571777,206.501404,-1
0,391,5,-1,-1,-1,-1,1,197.648285,422.434753,-1
0,391,4,-1,-1,-1,-1,1,422.270264,561.931885,-1
0,391,2,-1,-1,-1,-1,1,189.270432,168.058899,-1
0,392,58,-1,-1,-1,-1,1,384.792572,598.13678,-1
0,392,57,-1,-1,-1,-1,1,212.037811,166.142715,-1
0,392,56,-1,-1,-1,-1,1,862.080139,258.708771,-1
0,392,55,-1,-1,-1,-1,1,145.904572,206.146072,-1
0,392,54,-1,-1,-1,-1,1,305.209503,236.91037,-1
0,392,53,-1,-1,-1,-1,1,296.505249,605.889038,-1
0,392,52,-1,-1,-1,-1,1,301.531311,323.091827,-1
0,392,51,-1,-1,-1,-1,1,572.17627,485.308899,-1
0,392,50,-1,-1,-1,-1,1,546.80603,429.841339,-1
0,392,49,-1,-1,-1,-1,1,453.874664,400.572723,-1
0,392,48,-1,-1,-1,-1,1,400.335876,80.847359,-1
0,392,47,-1,-1,-1,-1,1,516.496887,258.929199,-1
0,392,46,-1,-1,-1,-1,1,525.856079,188.291092,-1
0,392,45,-1,-1,-1,-1,1,630.412048,306.56189,-1
0,392,44,-1,-1,-1,-1,1,394.92337,374.38147,-1
0,392,43,-1,-1,-1,-1,1,358.673523,546.795776,-1
0,392,40,-1,-1,-1,-1,1,697.620178,125.894615,-1
0,392,38,-1,-1,-1,-1,1,789.542664,400.066956,-1
0,392,37,-1,-1,-1,-1,1,664.963196,489.313873,-1
0,392,35,-1,-1,-1,-1,1,210.392929,326.801361,-1
0,392,33,-1,-1,-1,-1,1,73.831444,194.113037,-1
0,392,31,-1,-1,-1,-1,1,322.522583,561.396118,-1
0,392,26,-1,-1,-1,-1,1,129.227066,284.604858,-1
0,392,25,-1,-1,-1,-1,1,109.218346,304.383789,-1
0,392,24,-1,-1,-1,-1,1,856.306335,480.312408,-1
0,392,23,-1,-1,-1,-1,1,604.397644,196.772629,-1
0,392,21,-1,-1,-1,-1,1,682.503296,570.953918,-1
0,392,17,-1,-1,-1,-1,1,236.53801,592.578674,-1
0,392,16,-1,-1,-1,-1,1,268.55014,610.0578,-1
0,392,14,-1,-1,-1,-1,1,773.719299,169.61731,-1
0,392,13,-1,-1,-1,-1,1,530.388733,508.22702,-1
0,392,11,-1,-1,-1,-1,1,753.93573,24.764124,-1
0,392,9,-1,-1,-1,-1,1,901.182861,205.486008,-1
0,392,5,-1,-1,-1,-1,1,194.978485,398.078247,-1
0,392,4,-1,-1,-1,-1,1,446.445496,560.88147,-1
0,392,2,-1,-1,-1,-1,1,164.944351,137.314468,-1
0,393,58,-1,-1,-1,-1,1,380.642914,581.443054,-1
0,393,57,-1,-1,-1,-1,1,235.191391,165.300415,-1
0,393,56,-1,-1,-1,-1,1,842.140625,270.859772,-1
0,393,55,-1,-1,-1,-1,1,160.249207,224.434631,-1
0,393,54,-1,-1,-1,-1,1,326.907837,234.639328,-1
0,393,53,-1,-1,-1,-1,1,297.04248,625.151001,-1
0,393,52,-1,-1,-1,-1,1,322.745056,329.456085,-1
0,393,51,-1,-1,-1,-1,1,548.612183,483.251862,-1
0,393,50,-1,-1,-1,-1,1,566.426147,421.725433,-1
0,393,49,-1,-1,-1,-1,1,433.347748,395.012329,-1
0,393,48,-1,-1,-1,-1,1,378.201416,82.119072,-1
0,393,47,-1,-1,-1,-1,1,534.070862,250.088196,-1
0,393,46,-1,-1,-1,-1,1,508.170013,200.478317,-1
0,393,45,-1,-1,-1,-1,1,609.620544,316.592377,-1
0,393,44,-1,-1,-1,-1,1,373.973724,384.485779,-1
0,393,43,-1,-1,-1,-1,1,382.401306,545.619202,-1
0,393,40,-1,-1,-1,-1,1,720.884766,125.912285,-1
0,393,38,-1,-1,-1,-1,1,790.931396,423.92218,-1
0,393,37,-1,-1,-1,-1,1,684.67157,500.949493,-1
0,393,35,-1,-1,-1,-1,1,205.513977,352.98468,-1
0,393,33,-1,-1,-1,-1,1,56.733051,186.052795,-1
0,393,31,-1,-1,-1,-1,1,321.132416,586.318909,-1
0,393,26,-1,-1,-1,-1,1,130.911453,306.07724,-1
0,393,25,-1,-1,-1,-1,1,98.747337,325.202911,-1
0,393,24,-1,-1,-1,-1,1,855.810852,457.167328,-1
0,393,23,-1,-1,-1,-1,1,581.505615,194.606873,-1
0,393,21,-1,-1,-1,-1,1,706.556458,568.379883,-1
0,393,17,-1,-1,-1,-1,1,152.902695,613.843628,-1
0,393,16,-1,-1,-1,-1,1,268.442902,633.218994,-1
0,393,14,-1,-1,-1,-1,1,781.413574,144.815521,-1
0,393,13,-1,-1,-1,-1,1,508.751617,512.321655,-1
0,393,11,-1,-1,-1,-1,1,749.667664,48.689144,-1
0,393,9,-1,-1,-1,-1,1,877.36145,205.312286,-1
0,393,5,-1,-1,-1,-1,1,192.803543,376.099701,-1
0,393,4,-1,-1,-1,-1,1,469.795135,557.634155,-1
0,393,2,-1,-1,-1,-1,1,141.15062,134.149628,-1
0,394,59,-1,-1,-1,-1,1,249.75061,546.751953,-1
0,394,58,-1,-1,-1,-1,1,405.908447,542.126892,-1
0,394,57,-1,-1,-1,-1,1,258.988922,164.327835,-1
0,394,56,-1,-1,-1,-1,1,821.568054,283.091034,-1
0,394,55,-1,-1,-1,-1,1,176.456116,241.835968,-1
0,394,54,-1,-1,-1,-1,1,352.267212,232.982086,-1
0,394,52,-1,-1,-1,-1,1,345.833344,336.063202,-1
0,394,51,-1,-1,-1,-1,1,524.598999,480.895111,-1
0,394,50,-1,-1,-1,-1,1,589.161682,410.89444,-1
0,394,49,-1,-1,-1,-1,1,409.393921,388.297516,-1
0,394,48,-1,-1,-1,-1,1,352.729218,84.364342,-1
0,394,47,-1,-1,-1,-1,1,557.924438,249.087738,-1
0,394,46,-1,-1,-1,-1,1,492.430267,218.076385,-1
0,394,45,-1,-1,-1,-1,1,588.246887,326.079193,-1
0,394,44,-1,-1,-1,-1,1,351.220154,394.750153,-1
0,394,43,-1,-1,-1,-1,1,382.665558,557.814026,-1
0,394,40,-1,-1,-1,-1,1,746.448792,122.452179,-1
0,394,38,-1,-1,-1,-1,1,790.691772,447.91098,-1
0,394,37,-1,-1,-1,-1,1,701.846008,512.60907,-1
0,394,35,-1,-1,-1,-1,1,192.89122,349.981689,-1
0,394,33,-1,-1,-1,-1,1,30.72537,176.758453,-1
0,394,31,-1,-1,-1,-1,1,317.313721,608.985779,-1
0,394,27,-1,-1,-1,-1,1,749.088684,70.177055,-1
0,394,26,-1,-1,-1,-1,1,134.064194,329.692932,-1
0,394,25,-1,-1,-1,-1,1,88.541229,350.237305,-1
0,394,24,-1,-1,-1,-1,1,856.101257,432.559113,-1
0,394,23,-1,-1,-1,-1,1,557.59552,194.112625,-1
0,394,21,-1,-1,-1,-1,1,720.874329,554.81134,-1
0,394,17,-1,-1,-1,-1,1,154.38562,593.398315,-1
0,394,14,-1,-1,-1,-1,1,785.339966,121.055336,-1
0,394,13,-1,-1,-1,-1,1,482.774384,514.428101,-1
0,394,11,-1,-1,-1,-1,1,764.779541,21.835024,-1
0,394,9,-1,-1,-1,-1,1,853.309326,204.34346,-1
0,394,5,-1,-1,-1,-1,1,198.757111,373.711487,-1
0,394,4,-1,-1,-1,-1,1,493.081421,556.204712,-1
0,394,2,-1,-1,-1,-1,1,114.992851,132.800415,-1
0,395,59,-1,-1,-1,-1,1,257.157623,525.157471,-1
0,395,58,-1,-1,-1,-1,1,430.452393,541.640686,-1
0,395,57,-1,-1,-1,-1,1,284.00528,160.406891,-1
0,395,56,-1,-1,-1,-1,1,802.443665,298.056732,-1
0,395,55,-1,-1,-1,-1,1,193.039169,260.270844,-1
0,395,54,-1,-1,-1,-1,1,374.830383,230.499466,-1
0,395,52,-1,-1,-1,-1,1,369.881744,342.834839,-1
0,395,51,-1,-1,-1,-1,1,501.41803,478.139771,-1
0,395,50,-1,-1,-1,-1,1,612.193298,400.94989,-1
0,395,49,-1,-1,-1,-1,1,386.497437,380.419678,-1
0,395,48,-1,-1,-1,-1,1,328.679199,82.685196,-1
0,395,47,-1,-1,-1,-1,1,533.038513,192.819366,-1
0,395,46,-1,-1,-1,-1,1,478.246246,239.161606,-1
0,395,45,-1,-1,-1,-1,1,566.31366,336.031647,-1
0,395,44,-1,-1,-1,-1,1,330.156616,405.213104,-1
0,395,43,-1,-1,-1,-1,1,382.864227,533.801208,-1
0,395,40,-1,-1,-1,-1,1,742.232788,93.643379,-1
0,395,38,-1,-1,-1,-1,1,855.905273,409.441956,-1
0,395,37,-1,-1,-1,-1,1,721.153625,528.552795,-1
0,395,35,-1,-1,-1,-1,1,186.876999,327.826691,-1
0,395,34,-1,-1,-1,-1,1,790.809814,470.609711,-1
0,395,33,-1,-1,-1,-1,1,10.269607,178.519196,-1
0,395,31,-1,-1,-1,-1,1,314.260864,630.000183,-1
0,395,27,-1,-1,-1,-1,1,793.658081,98.306725,-1
0,395,25,-1,-1,-1,-1,1,76.999489,365.320068,-1
0,395,23,-1,-1,-1,-1,1,582.612854,248.278168,-1
0,395,22,-1,-1,-1,-1,1,194.748581,398.256866,-1
0,395,20,-1,-1,-1,-1,1,94.152824,132.666275,-1
0,395,17,-1,-1,-1,-1,1,156.352478,569.718201,-1
0,395,14,-1,-1,-1,-1,1,770.054138,121.895424,-1
0,395,13,-1,-1,-1,-1,1,460.949371,518.60144,-1
0,395,11,-1,-1,-1,-1,1,772.737793,41.799755,-1
0,395,9,-1,-1,-1,-1,1,829.234192,205.04213,-1
0,395,5,-1,-1,-1,-1,1,136.457321,356.825409,-1
0,395,4,-1,-1,-1,-1,1,517.959473,553.844971,-1
0,396,59,-1,-1,-1,-1,1,278.444824,514.204285,-1
0,396,58,-1,-1,-1,-1,1,434.651184,521.366028,-1
0,396,57,-1,-1,-1,-1,1,305.959595,160.933029,-1
0,396,56,-1,-1,-1,-1,1,781.919312,310.48349,-1
0,396,55,-1,-1,-1,-1,1,210.055099,277.86673,-1
0,396,54,-1,-1,-1,-1,1,400.361115,229.065704,-1
0,396,52,-1,-1,-1,-1,1,392.327972,349.767181,-1
0,396,51,-1,-1,-1,-1,1,480.769287,474.124207,-1
0,396,50,-1,-1,-1,-1,1,632.739685,390.919373,-1
0,396,49,-1,-1,-1,-1,1,366.178253,372.492218,-1
0,396,48,-1,-1,-1,-1,1,305.841583,85.533234,-1
0,396,47,-1,-1,-1,-1,1,508.951935,192.095032,-1
0,396,46,-1,-1,-1,-1,1,465.263153,257.323242,-1
0,396,45,-1,-1,-1,-1,1,544.899292,346.191498,-1
0,396,44,-1,-1,-1,-1,1,308.403656,414.55188,-1
0,396,43,-1,-1,-1,-1,1,385.382812,509.986877,-1
0,396,40,-1,-1,-1,-1,1,740.185852,117.812302,-1
0,396,38,-1,-1,-1,-1,1,856.717346,385.58429,-1
0,396,37,-1,-1,-1,-1,1,736.53363,508.934753,-1
0,396,35,-1,-1,-1,-1,1,185.07402,304.036804,-1
0,396,34,-1,-1,-1,-1,1,792.186523,496.102783,-1
0,396,27,-1,-1,-1,-1,1,797.801758,76.516403,-1
0,396,25,-1,-1,-1,-1,1,76.376564,390.520294,-1
0,396,23,-1,-1,-1,-1,1,606.415649,247.021301,-1
0,396,22,-1,-1,-1,-1,1,189.005798,421.286957,-1
0,396,21,-1,-1,-1,-1,1,738.482361,546.217773,-1
0,396,17,-1,-1,-1,-1,1,158.703842,549.133606,-1
0,396,14,-1,-1,-1,-1,1,805.401855,120.738411,-1
0,396,13,-1,-1,-1,-1,1,448.686676,540.937073,-1
0,396,11,-1,-1,-1,-1,1,752.982483,60.481712,-1
0,396,9,-1,-1,-1,-1,1,809.713684,205.236069,-1
0,396,5,-1,-1,-1,-1,1,138.42865,378.351532,-1
0,396,4,-1,-1,-1,-1,1,541.068726,552.933899,-1
0,396,2,-1,-1,-1,-1,1,68.749855,129.143509,-1
0,397,59,-1,-1,-1,-1,1,300.54248,504.447144,-1
0,397,58,-1,-1,-1,-1,1,478.134491,536.437073,-1
0,397,57,-1,-1,-1,-1,1,330.663422,158.161469,-1
0,397,56,-1,-1,-1,-1,1,761.253723,324.310547,-1
0,397,55,-1,-1,-1,-1,1,226.921051,294.77475,-1
0,397,54,-1,-1,-1,-1,1,422.242218,228.768692,-1
0,397,52,-1,-1,-1,-1,1,416.320923,356.405548,-1
0,397,51,-1,-1,-1,-1,1,453.312286,471.995026,-1
0,397,50,-1,-1,-1,-1,1,653.726318,379.123596,-1
0,397,49,-1,-1,-1,-1,1,350.320709,354.583008,-1
0,397,48,-1,-1,-1,-1,1,280.358215,86.609795,-1
0,397,47,-1,-1,-1,-1,1,485.420502,190.735794,-1
0,397,46,-1,-1,-1,-1,1,449.974701,277.479767,-1
0,397,45,-1,-1,-1,-1,1,521.884033,357.278839,-1
0,397,44,-1,-1,-1,-1,1,292.34024,432.489136,-1
0,397,43,-1,-1,-1,-1,1,386.957916,485.416962,-1
0,397,40,-1,-1,-1,-1,1,733.334412,141.211487,-1
0,397,38,-1,-1,-1,-1,1,849.940796,364.429169,-1
0,397,37,-1,-1,-1,-1,1,792.354492,520.690796,-1
0,397,34,-1,-1,-1,-1,1,744.354614,485.651642,-1
0,397,31,-1,-1,-1,-1,1,334.241028,634.858521,-1
0,397,27,-1,-1,-1,-1,1,804.581116,53.452118,-1
0,397,26,-1,-1,-1,-1,1,182.464813,278.850708,-1
0,397,25,-1,-1,-1,-1,1,74.65612,414.195679,-1
0,397,23,-1,-1,-1,-1,1,632.030884,245.688904,-1
0,397,22,-1,-1,-1,-1,1,184.796341,444.701691,-1
0,397,21,-1,-1,-1,-1,1,758.434998,561.274414,-1
0,397,18,-1,-1,-1,-1,1,850.009888,638.203064,-1
0,397,17,-1,-1,-1,-1,1,90.275375,628.986084,-1
0,397,14,-1,-1,-1,-1,1,812.623535,109.949249,-1
0,397,13,-1,-1,-1,-1,1,412.675323,525.016541,-1
0,397,11,-1,-1,-1,-1,1,728.772217,61.992085,-1
0,397,9,-1,-1,-1,-1,1,781.348572,204.071365,-1
0,397,5,-1,-1,-1,-1,1,142.022781,402.727112,-1
0,397,4,-1,-1,-1,-1,1,568.172119,549.389404,-1
0,397,2,-1,-1,-1,-1,1,45.50119,129.640671,-1
0,398,60,-1,-1,-1,-1,1,165.569809,500.153351,-1
0,398,59,-1,-1,-1,-1,1,321.564545,493.683289,-1
0,398,58,-1,-1,-1,-1,1,502.124847,533.48407,-1
0,398,57,-1,-1,-1,-1,1,354.712952,157.179062,-1
0,398,56,-1,-1,-1,-1,1,741.559326,336.118744,-1
0,398,55,-1,-1,-1,-1,1,242.21138,313.24411,-1
0,398,54,-1,-1,-1,-1,1,448.197632,225.193771,-1
0,398,52,-1,-1,-1,-1,1,439.067566,362.796417,-1
0,398,51,-1,-1,-1,-1,1,429.270233,469.205963,-1
0,398,50,-1,-1,-1,-1,1,664.607544,358.784637,-1
0,398,49,-1,-1,-1,-1,1,334.307709,336.921661,-1
0,398,48,-1,-1,-1,-1,1,256.71817,86.380524,-1
0,398,47,-1,-1,-1,-1,1,461.388519,189.33017,-1
0,398,46,-1,-1,-1,-1,1,436.563507,297.181732,-1
0,398,45,-1,-1,-1,-1,1,502.565979,365.886993,-1
0,398,44,-1,-1,-1,-1,1,280.72467,450.878174,-1
0,398,43,-1,-1,-1,-1,1,396.948151,464.308899,-1
0,398,40,-1,-1,-1,-1,1,726.214966,164.296692,-1
0,398,38,-1,-1,-1,-1,1,834.621338,345.757385,-1
0,398,37,-1,-1,-1,-1,1,793.033386,542.872253,-1
0,398,34,-1,-1,-1,-1,1,752.445251,463.998779,-1
0,398,31,-1,-1,-1,-1,1,337.734741,617.651184,-1
0,398,27,-1,-1,-1,-1,1,812.598083,85.812492,-1
0,398,26,-1,-1,-1,-1,1,178.804001,257.034332,-1
0,398,25,-1,-1,-1,-1,1,74.823868,437.489105,-1
0,398,23,-1,-1,-1,-1,1,654.096802,243.20549,-1
0,398,22,-1,-1,-1,-1,1,177.994827,469.603241,-1
0,398,21,-1,-1,-1,-1,1,777.243958,578.116882,-1
0,398,18,-1,-1,-1,-1,1,836.05719,621.141479,-1
0,398,17,-1,-1,-1,-1,1,93.302452,602.291443,-1
0,398,13,-1,-1,-1,-1,1,386.920532,528.431091,-1
0,398,9,-1,-1,-1,-1,1,756.99408,201.620987,-1
0,398,5,-1,-1,-1,-1,1,145.412628,426.197388,-1
0,398,4,-1,-1,-1,-1,1,589.309692,548.336487,-1
0,398,2,-1,-1,-1,-1,1,20.571793,125.607857,-1
0,399,61,-1,-1,-1,-1,1,402.361084,597.098694,-1
0,399,60,-1,-1,-1,-1,1,177.142624,492.91983,-1
0,399,59,-1,-1,-1,-1,1,342.932892,484.173676,-1
0,399,58,-1,-1,-1,-1,1,525.61084,530.989624,-1
0,399,57,-1,-1,-1,-1,1,378.446716,153.983078,-1
0,399,56,-1,-1,-1,-1,1,727.855347,353.400269,-1
0,399,55,-1,-1,-1,-1,1,257.566315,330.403931,-1
0,399,54,-1,-1,-1,-1,1,470.245575,224.233566,-1
0,399,52,-1,-1,-1,-1,1,458.328949,370.014404,-1
0,399,51,-1,-1,-1,-1,1,405.121979,466.610626,-1
0,399,50,-1,-1,-1,-1,1,674.116699,334.825745,-1
0,399,49,-1,-1,-1,-1,1,318.002014,320.150574,-1
0,399,48,-1,-1,-1,-1,1,232.394302,88.237755,-1
0,399,47,-1,-1,-1,-1,1,437.23877,188.432816,-1
0,399,46,-1,-1,-1,-1,1,421.16983,314.900421,-1
0,399,45,-1,-1,-1,-1,1,477.536133,377.246674,-1
0,399,44,-1,-1,-1,-1,1,268.918732,473.023499,-1
0,399,43,-1,-1,-1,-1,1,409.307922,444.521667,-1
0,399,42,-1,-1,-1,-1,1,769.57019,618.763733,-1
0,399,38,-1,-1,-1,-1,1,820.036133,328.515503,-1
0,399,37,-1,-1,-1,-1,1,794.466003,593.157959,-1
0,399,34,-1,-1,-1,-1,1,760.260925,440.5896,-1
0,399,33,-1,-1,-1,-1,1,25.41127,198.118286,-1
0,399,31,-1,-1,-1,-1,1,332.452026,593.871338,-1
0,399,30,-1,-1,-1,-1,1,994.762634,188.747208,-1
0,399,27,-1,-1,-1,-1,1,813.705322,61.874058,-1
0,399,26,-1,-1,-1,-1,1,167.92627,238.422806,-1
0,399,25,-1,-1,-1,-1,1,73.612488,465.240265,-1
0,399,23,-1,-1,-1,-1,1,678.661987,242.33757,-1
0,399,22,-1,-1,-1,-1,1,169.381546,474.148804,-1
0,399,21,-1,-1,-1,-1,1,792.798218,568.432617,-1
0,399,18,-1,-1,-1,-1,1,820.247559,600.846863,-1
0,399,17,-1,-1,-1,-1,1,93.105049,577.54425,-1
0,399,13,-1,-1,-1,-1,1,369.606995,530.392761,-1
0,399,11,-1,-1,-1,-1,1,681.036804,62.221878,-1
0,399,9,-1,-1,-1,-1,1,733.713928,202.000229,-1
0,399,5,-1,-1,-1,-1,1,148.062683,450.955566,-1
0,399,4,-1,-1,-1,-1,1,613.901428,548.40564,-1
0,399,2,-1,-1,-1,-1,1,1.531285,128.423492,-1
